旗舰店	020231121114205	0	34
旗舰店	20231121114205	0	34
旗舰店	20231121114205	1	34
旗舰店	20231121114205	2	34
旗舰店	20231121114205	3	34
旗舰店	20231121114205	4	34
旗舰店	20231121114205	5	34
旗舰店	20231121114205	6	34
旗舰店	20231121114205	7	34
旗舰店	20231121114205	8	34
旗舰店	20231121114205	9	34
旗舰店	20231121114205	10	34
旗舰店	20231121114205	11	34
旗舰店	20231121114205	12	34
旗舰店	20231121114205	13	34
旗舰店	20231121114205	14	34
旗舰店	20231121114205	15	34
旗舰店	20231121114205	16	34
旗舰店	20231121114205	17	34
旗舰店	20231121114205	18	34
旗舰店	20231121114205	19	34
旗舰店	20231121114205	20	34
旗舰店	20231121114205	21	34
旗舰店	20231121114205	22	34
旗舰店	20231121114205	23	34
旗舰店	20231121114205	24	34
旗舰店	20231121114205	25	34
旗舰店	20231121114205	26	34
旗舰店	20231121114205	27	34
旗舰店	20231121114205	28	34
旗舰店	20231121114205	29	34
旗舰店	20231121114205	30	35
旗舰店	20231121114205	31	35
旗舰店	20231121114205	32	35
旗舰店	20231121114205	33	35
旗舰店	20231121114205	34	35
旗舰店	20231121114205	35	35
旗舰店	20231121114205	36	35
旗舰店	20231121114205	37	35
旗舰店	20231121114205	38	35
旗舰店	20231121114205	39	35
旗舰店	20231121114205	40	35
旗舰店	20231121114205	41	35
旗舰店	20231121114205	42	35
旗舰店	20231121114205	43	35
旗舰店	20231121114205	44	35
旗舰店	20231121114205	45	35
旗舰店	20231121114205	46	35
旗舰店	20231121114205	47	35
旗舰店	20231121114205	48	35
旗舰店	20231121114205	49	35
旗舰店	20231121114205	50	35
旗舰店	20231121114205	51	35
旗舰店	20231121114205	52	35
旗舰店	20231121114205	53	35
旗舰店	20231121114205	54	35
旗舰店	20231121114205	55	35
旗舰店	20231121114205	56	35
旗舰店	20231121114205	57	35
旗舰店	20231121114205	58	35
旗舰店	20231121114205	59	35
旗舰店	20231121114205	60	35
旗舰店	20231121114205	61	35
旗舰店	20231121114205	62	35
旗舰店	20231121114205	63	35
旗舰店	20231121114205	64	35
旗舰店	20231121114205	65	35
旗舰店	20231121114205	66	35
旗舰店	20231121114205	67	35
旗舰店	20231121114205	68	35
旗舰店	20231121114205	69	35
旗舰店	20231121114205	70	35
旗舰店	20231121114205	71	35
旗舰店	20231121114205	72	35
旗舰店	20231121114205	73	35
旗舰店	20231121114205	74	35
旗舰店	20231121114205	75	35
旗舰店	20231121114205	76	35
旗舰店	20231121114205	77	35
旗舰店	20231121114205	78	35
旗舰店	20231121114205	79	35
旗舰店	20231121114205	80	35
旗舰店	20231121114205	81	35
旗舰店	20231121114205	82	35
旗舰店	20231121114205	83	35
旗舰店	20231121114205	84	35
旗舰店	20231121114205	85	35
旗舰店	20231121114205	86	35
旗舰店	20231121114205	87	35
旗舰店	20231121114205	88	35
旗舰店	20231121114205	89	35
旗舰店	20231121114205	90	35
旗舰店	20231121114205	91	35
旗舰店	20231121114205	92	35
旗舰店	20231121114205	93	35
旗舰店	20231121114205	94	35
旗舰店	20231121114205	95	35
旗舰店	20231121114205	96	35
旗舰店	20231121114205	97	35
旗舰店	20231121114205	98	35
旗舰店	20231121114205	99	35
旗舰店	20231121114205	100	35
旗舰店	20231121114205	101	35
旗舰店	20231121114205	102	35
旗舰店	20231121114205	103	35
旗舰店	20231121114205	104	35
旗舰店	20231121114205	105	35
旗舰店	20231121114205	106	35
旗舰店	20231121114205	107	35
旗舰店	20231121114205	108	35
旗舰店	20231121114205	109	35
旗舰店	20231121114205	110	35
旗舰店	20231121114205	111	35
旗舰店	20231121114205	112	35
旗舰店	20231121114205	113	35
旗舰店	20231121114205	114	35
旗舰店	20231121114205	115	35
旗舰店	20231121114205	116	35
旗舰店	20231121114205	117	35
旗舰店	20231121114205	118	35
旗舰店	20231121114205	119	35
旗舰店	20231121114205	120	35
旗舰店	20231121114205	121	35
旗舰店	20231121114205	122	35
旗舰店	20231121114205	123	35
旗舰店	20231121114205	124	35
旗舰店	20231121114205	125	35
旗舰店	20231121114205	126	35
旗舰店	20231121114205	127	35
旗舰店	20231121114205	128	35
旗舰店	20231121114205	129	35
旗舰店	20231121114205	130	35
旗舰店	20231121114205	131	35
旗舰店	20231121114205	132	35
旗舰店	20231121114205	133	35
旗舰店	20231121114205	134	35
旗舰店	20231121114205	135	35
旗舰店	20231121114205	136	35
旗舰店	20231121114205	137	35
旗舰店	20231121114205	138	35
旗舰店	20231121114205	139	35
旗舰店	20231121114205	140	35
旗舰店	20231121114205	141	35
旗舰店	20231121114205	142	35
旗舰店	20231121114205	143	35
旗舰店	20231121114205	144	35
旗舰店	20231121114205	145	35
旗舰店	20231121114205	146	35
旗舰店	20231121114205	147	35
旗舰店	20231121114205	148	35
旗舰店	20231121114205	149	35
旗舰店	20231121114205	150	35
旗舰店	20231121114205	151	35
旗舰店	20231121114205	152	35
旗舰店	20231121114205	153	35
旗舰店	20231121114205	154	35
旗舰店	20231121114205	155	35
旗舰店	20231121114205	156	35
旗舰店	20231121114205	157	35
旗舰店	20231121114205	158	35
旗舰店	20231121114205	159	35
旗舰店	20231121114205	160	35
旗舰店	20231121114205	161	35
旗舰店	20231121114205	162	35
旗舰店	20231121114205	163	35
旗舰店	20231121114205	164	35
旗舰店	20231121114205	165	35
旗舰店	20231121114205	166	35
旗舰店	20231121114205	167	35
旗舰店	20231121114205	168	35
旗舰店	20231121114205	169	35
旗舰店	20231121114205	170	35
旗舰店	20231121114205	171	35
旗舰店	20231121114205	172	35
旗舰店	20231121114205	173	35
旗舰店	20231121114205	174	35
旗舰店	20231121114205	175	35
旗舰店	20231121114205	176	35
旗舰店	20231121114205	177	35
旗舰店	20231121114205	178	35
旗舰店	20231121114205	179	35
旗舰店	20231121114205	180	35
旗舰店	20231121114205	181	35
旗舰店	20231121114205	182	35
旗舰店	20231121114205	183	35
旗舰店	20231121114205	184	35
旗舰店	20231121114205	185	35
旗舰店	20231121114205	186	35
旗舰店	20231121114205	187	35
旗舰店	20231121114205	188	35
旗舰店	20231121114205	189	35
旗舰店	20231121114205	190	35
旗舰店	20231121114205	191	35
旗舰店	20231121114205	192	35
旗舰店	20231121114205	193	35
旗舰店	20231121114205	194	35
旗舰店	20231121114205	195	35
旗舰店	20231121114205	196	35
旗舰店	20231121114205	197	35
旗舰店	20231121114205	198	35
旗舰店	20231121114205	199	35
旗舰店	20231121114205	200	35
旗舰店	20231121114205	201	35
旗舰店	20231121114205	202	35
旗舰店	20231121114205	203	35
旗舰店	20231121114205	204	35
旗舰店	20231121114205	205	35
旗舰店	20231121114205	206	35
旗舰店	20231121114205	207	35
旗舰店	20231121114205	208	35
旗舰店	20231121114205	209	35
旗舰店	20231121114205	210	35
旗舰店	20231121114205	211	35
旗舰店	20231121114205	212	35
旗舰店	20231121114205	213	35
旗舰店	20231121114205	214	35
旗舰店	20231121114205	215	35
旗舰店	20231121114205	216	35
旗舰店	20231121114205	217	35
旗舰店	20231121114205	218	35
旗舰店	20231121114205	219	35
旗舰店	20231121114205	220	35
旗舰店	20231121114205	221	35
旗舰店	20231121114205	222	35
旗舰店	20231121114205	223	35
旗舰店	20231121114205	224	35
旗舰店	20231121114205	225	35
旗舰店	20231121114205	226	35
旗舰店	20231121114205	227	35
旗舰店	20231121114205	228	35
旗舰店	20231121114205	229	35
旗舰店	20231121114205	230	35
旗舰店	20231121114205	231	35
旗舰店	20231121114205	232	35
旗舰店	20231121114205	233	35
旗舰店	20231121114205	234	35
旗舰店	20231121114205	235	35
旗舰店	20231121114205	236	35
旗舰店	20231121114205	237	35
旗舰店	20231121114205	238	35
旗舰店	20231121114205	239	35
旗舰店	20231121114205	240	35
旗舰店	20231121114205	241	35
旗舰店	20231121114205	242	35
旗舰店	20231121114205	243	35
旗舰店	20231121114205	244	35
旗舰店	20231121114205	245	35
旗舰店	20231121114205	246	35
旗舰店	20231121114205	247	35
旗舰店	20231121114205	248	35
旗舰店	20231121114205	249	35
旗舰店	20231121114205	250	35
旗舰店	20231121114205	251	35
旗舰店	20231121114205	252	35
旗舰店	20231121114205	253	35
旗舰店	20231121114205	254	35
旗舰店	20231121114205	255	35
旗舰店	20231121114205	256	35
旗舰店	20231121114205	257	35
旗舰店	20231121114205	258	35
旗舰店	20231121114205	259	35
旗舰店	20231121114205	260	35
旗舰店	20231121114205	261	35
旗舰店	20231121114205	262	35
旗舰店	20231121114205	263	35
旗舰店	20231121114205	264	35
旗舰店	20231121114205	265	35
旗舰店	20231121114205	266	35
旗舰店	20231121114205	267	35
旗舰店	20231121114205	268	35
旗舰店	20231121114205	269	35
旗舰店	20231121114205	270	35
旗舰店	20231121114205	271	35
旗舰店	20231121114205	272	35
旗舰店	20231121114205	273	35
旗舰店	20231121114205	274	35
旗舰店	20231121114205	275	35
旗舰店	20231121114205	276	35
旗舰店	20231121114205	277	35
旗舰店	20231121114205	278	35
旗舰店	20231121114205	279	35
旗舰店	20231121114205	280	35
旗舰店	20231121114205	281	35
旗舰店	20231121114205	282	35
旗舰店	20231121114205	283	35
旗舰店	20231121114205	284	35
旗舰店	20231121114205	285	35
旗舰店	20231121114205	286	35
旗舰店	20231121114205	287	35
旗舰店	20231121114205	288	35
旗舰店	20231121114205	289	35
旗舰店	20231121114205	290	35
旗舰店	20231121114205	291	35
旗舰店	20231121114205	292	35
旗舰店	20231121114205	293	35
旗舰店	20231121114205	294	35
旗舰店	20231121114205	295	35
旗舰店	20231121114205	296	35
旗舰店	20231121114205	297	35
旗舰店	20231121114205	298	35
旗舰店	20231121114205	299	35
旗舰店	20231121114205	300	35
旗舰店	20231121114205	301	35
旗舰店	20231121114205	302	35
旗舰店	20231121114205	303	35
旗舰店	20231121114205	304	35
旗舰店	20231121114205	305	35
旗舰店	20231121114205	306	35
旗舰店	20231121114205	307	35
旗舰店	20231121114205	308	35
旗舰店	20231121114205	309	35
旗舰店	20231121114205	310	35
旗舰店	20231121114205	311	35
旗舰店	20231121114205	312	35
旗舰店	20231121114205	313	35
旗舰店	20231121114205	314	35
旗舰店	20231121114205	315	35
旗舰店	20231121114205	316	35
旗舰店	20231121114205	317	35
旗舰店	20231121114205	318	35
旗舰店	20231121114205	319	35
旗舰店	20231121114205	320	35
旗舰店	20231121114205	321	35
旗舰店	20231121114205	322	35
旗舰店	20231121114205	323	35
旗舰店	20231121114205	324	35
旗舰店	20231121114205	325	35
旗舰店	20231121114205	326	35
旗舰店	20231121114205	327	35
旗舰店	20231121114205	328	35
旗舰店	20231121114205	329	35
旗舰店	20231121114205	330	35
旗舰店	20231121114205	331	35
旗舰店	20231121114205	332	35
旗舰店	20231121114205	333	35
旗舰店	20231121114205	334	35
旗舰店	20231121114205	335	35
旗舰店	20231121114205	336	35
旗舰店	20231121114205	337	35
旗舰店	20231121114205	338	35
旗舰店	20231121114205	339	35
旗舰店	20231121114205	340	35
旗舰店	20231121114205	341	35
旗舰店	20231121114205	342	35
旗舰店	20231121114205	343	35
旗舰店	20231121114205	344	35
旗舰店	20231121114205	345	35
旗舰店	20231121114205	346	35
旗舰店	20231121114205	347	35
旗舰店	20231121114205	348	35
旗舰店	20231121114205	349	35
旗舰店	20231121114205	350	35
旗舰店	20231121114205	351	35
旗舰店	20231121114205	352	35
旗舰店	20231121114205	353	35
旗舰店	20231121114205	354	35
旗舰店	20231121114205	355	35
旗舰店	20231121114205	356	35
旗舰店	20231121114205	357	35
旗舰店	20231121114205	358	35
旗舰店	20231121114205	359	35
旗舰店	20231121114205	360	35
旗舰店	20231121114205	361	35
旗舰店	20231121114205	362	35
旗舰店	20231121114205	363	35
旗舰店	20231121114205	364	35
旗舰店	20231121114205	365	35
旗舰店	20231121114205	366	35
旗舰店	20231121114205	367	35
旗舰店	20231121114205	368	35
旗舰店	20231121114205	369	35
旗舰店	20231121114205	370	35
旗舰店	20231121114205	371	35
旗舰店	20231121114205	372	35
旗舰店	20231121114205	373	35
旗舰店	20231121114205	374	35
旗舰店	20231121114205	375	35
旗舰店	20231121114205	376	35
旗舰店	20231121114205	377	35
旗舰店	20231121114205	378	35
旗舰店	20231121114205	379	35
旗舰店	20231121114205	380	35
旗舰店	20231121114205	381	35
旗舰店	20231121114205	382	35
旗舰店	20231121114205	383	35
旗舰店	20231121114205	384	35
旗舰店	20231121114205	385	35
旗舰店	20231121114205	386	35
旗舰店	20231121114205	387	35
旗舰店	20231121114205	388	35
旗舰店	20231121114205	389	35
旗舰店	20231121114205	390	35
旗舰店	20231121114205	391	35
旗舰店	20231121114205	392	35
旗舰店	20231121114205	393	35
旗舰店	20231121114205	394	35
旗舰店	20231121114205	395	35
旗舰店	20231121114205	396	35
旗舰店	20231121114205	397	35
旗舰店	20231121114205	398	35
旗舰店	20231121114205	399	35
旗舰店	20231121114205	400	35
旗舰店	20231121114205	401	35
旗舰店	20231121114205	402	35
旗舰店	20231121114205	403	35
旗舰店	20231121114205	404	35
旗舰店	20231121114205	405	35
旗舰店	20231121114205	406	35
旗舰店	20231121114205	407	35
旗舰店	20231121114205	408	35
旗舰店	20231121114205	409	35
旗舰店	20231121114205	410	35
旗舰店	20231121114205	411	35
旗舰店	20231121114205	412	35
旗舰店	20231121114205	413	35
旗舰店	20231121114205	414	35
旗舰店	20231121114205	415	35
旗舰店	20231121114205	416	35
旗舰店	20231121114205	417	35
旗舰店	20231121114205	418	35
旗舰店	20231121114205	419	35
旗舰店	20231121114205	420	35
旗舰店	20231121114205	421	35
旗舰店	20231121114205	422	35
旗舰店	20231121114205	423	35
旗舰店	20231121114205	424	35
旗舰店	20231121114205	425	35
旗舰店	20231121114205	426	35
旗舰店	20231121114205	427	35
旗舰店	20231121114205	428	35
旗舰店	20231121114205	429	35
旗舰店	20231121114205	430	35
旗舰店	20231121114205	431	35
旗舰店	20231121114205	432	35
旗舰店	20231121114205	433	35
旗舰店	20231121114205	434	35
旗舰店	20231121114205	435	35
旗舰店	20231121114205	436	35
旗舰店	20231121114205	437	35
旗舰店	20231121114205	438	35
旗舰店	20231121114205	439	35
旗舰店	20231121114205	440	35
旗舰店	20231121114205	441	35
旗舰店	20231121114205	442	35
旗舰店	20231121114205	443	35
旗舰店	20231121114205	444	35
旗舰店	20231121114205	445	35
旗舰店	20231121114205	446	35
旗舰店	20231121114205	447	35
旗舰店	20231121114205	448	35
旗舰店	20231121114205	449	35
旗舰店	20231121114205	450	35
旗舰店	20231121114205	451	35
旗舰店	20231121114205	452	35
旗舰店	20231121114205	453	35
旗舰店	20231121114205	454	35
旗舰店	20231121114205	455	35
旗舰店	20231121114205	456	35
旗舰店	20231121114205	457	35
旗舰店	20231121114205	458	35
旗舰店	20231121114205	459	35
旗舰店	20231121114205	460	35
旗舰店	20231121114205	461	35
旗舰店	20231121114205	462	35
旗舰店	20231121114205	463	35
旗舰店	20231121114205	464	35
旗舰店	20231121114205	465	35
旗舰店	20231121114205	466	35
旗舰店	20231121114205	467	35
旗舰店	20231121114205	468	35
旗舰店	20231121114205	469	35
旗舰店	20231121114205	470	35
旗舰店	20231121114205	471	35
旗舰店	20231121114205	472	35
旗舰店	20231121114205	473	35
旗舰店	20231121114205	474	35
旗舰店	20231121114205	475	35
旗舰店	20231121114205	476	35
旗舰店	20231121114205	477	35
旗舰店	20231121114205	478	35
旗舰店	20231121114205	479	35
旗舰店	20231121114205	480	35
旗舰店	20231121114205	481	35
旗舰店	20231121114205	482	35
旗舰店	20231121114205	483	35
旗舰店	20231121114205	484	35
旗舰店	20231121114205	485	35
旗舰店	20231121114205	486	35
旗舰店	20231121114205	487	35
旗舰店	20231121114205	488	35
旗舰店	20231121114205	489	35
旗舰店	20231121114205	490	35
旗舰店	20231121114205	491	35
旗舰店	20231121114205	492	35
旗舰店	20231121114205	493	35
旗舰店	20231121114205	494	35
旗舰店	20231121114205	495	35
旗舰店	20231121114205	496	35
旗舰店	20231121114205	497	35
旗舰店	20231121114205	498	35
旗舰店	20231121114205	499	35
旗舰店	20231121114205	500	35
旗舰店	20231121114205	501	35
旗舰店	20231121114205	502	35
旗舰店	20231121114205	503	35
旗舰店	20231121114205	504	35
旗舰店	20231121114205	505	35
旗舰店	20231121114205	506	35
旗舰店	20231121114205	507	35
旗舰店	20231121114205	508	35
旗舰店	20231121114205	509	35
旗舰店	20231121114205	510	35
旗舰店	20231121114205	511	35
旗舰店	20231121114205	512	35
旗舰店	20231121114205	513	35
旗舰店	20231121114205	514	35
旗舰店	20231121114205	515	35
旗舰店	20231121114205	516	35
旗舰店	20231121114205	517	35
旗舰店	20231121114205	518	35
旗舰店	20231121114205	519	35
旗舰店	20231121114205	520	35
旗舰店	20231121114205	521	35
旗舰店	20231121114205	522	35
旗舰店	20231121114205	523	35
旗舰店	20231121114205	524	35
旗舰店	20231121114205	525	35
旗舰店	20231121114205	526	35
旗舰店	20231121114205	527	35
旗舰店	20231121114205	528	35
旗舰店	20231121114205	529	35
旗舰店	20231121114205	530	35
旗舰店	20231121114205	531	35
旗舰店	20231121114205	532	35
旗舰店	20231121114205	533	35
旗舰店	20231121114205	534	35
旗舰店	20231121114205	535	35
旗舰店	20231121114205	536	35
旗舰店	20231121114205	537	35
旗舰店	20231121114205	538	35
旗舰店	20231121114205	539	35
旗舰店	20231121114205	540	35
旗舰店	20231121114205	541	35
旗舰店	20231121114205	542	35
旗舰店	20231121114205	543	35
旗舰店	20231121114205	544	35
旗舰店	20231121114205	545	35
旗舰店	20231121114205	546	35
旗舰店	20231121114205	547	35
旗舰店	20231121114205	548	35
旗舰店	20231121114205	549	35
旗舰店	20231121114205	550	35
旗舰店	20231121114205	551	35
旗舰店	20231121114205	552	35
旗舰店	20231121114205	553	35
旗舰店	20231121114205	554	35
旗舰店	20231121114205	555	35
旗舰店	20231121114205	556	35
旗舰店	20231121114205	557	35
旗舰店	20231121114205	558	35
旗舰店	20231121114205	559	35
旗舰店	20231121114205	560	35
旗舰店	20231121114205	561	35
旗舰店	20231121114205	562	35
旗舰店	20231121114205	563	35
旗舰店	20231121114205	564	35
旗舰店	20231121114205	565	35
旗舰店	20231121114205	566	35
旗舰店	20231121114205	567	35
旗舰店	20231121114205	568	35
旗舰店	20231121114205	569	35
旗舰店	20231121114205	570	35
旗舰店	20231121114205	571	35
旗舰店	20231121114205	572	35
旗舰店	20231121114205	573	35
旗舰店	20231121114205	574	35
旗舰店	20231121114205	575	35
旗舰店	20231121114205	576	35
旗舰店	20231121114205	577	35
旗舰店	20231121114205	578	35
旗舰店	20231121114205	579	35
旗舰店	20231121114205	580	35
旗舰店	20231121114205	581	35
旗舰店	20231121114205	582	35
旗舰店	20231121114205	583	35
旗舰店	20231121114205	584	35
旗舰店	20231121114205	585	35
旗舰店	20231121114205	586	35
旗舰店	20231121114205	587	35
旗舰店	20231121114205	588	35
旗舰店	20231121114205	589	35
旗舰店	20231121114205	590	35
旗舰店	20231121114205	591	35
旗舰店	20231121114205	592	35
旗舰店	20231121114205	593	35
旗舰店	20231121114205	594	35
旗舰店	20231121114205	595	35
旗舰店	20231121114205	596	36
旗舰店	20231121114205	597	36
旗舰店	20231121114205	598	36
旗舰店	20231121114205	599	36
旗舰店	20231121114205	600	36
旗舰店	20231121114205	601	36
旗舰店	20231121114205	602	36
旗舰店	20231121114205	603	36
旗舰店	20231121114205	604	36
旗舰店	20231121114205	605	36
旗舰店	20231121114205	606	36
旗舰店	20231121114205	607	37
旗舰店	20231121114205	608	37
旗舰店	20231121114205	609	37
旗舰店	20231121114205	610	37
旗舰店	20231121114205	611	37
旗舰店	20231121114205	612	37
旗舰店	20231121114205	613	37
旗舰店	20231121114205	614	37
旗舰店	20231121114205	615	37
旗舰店	20231121114205	616	37
旗舰店	20231121114205	617	37
旗舰店	20231121114205	618	37
旗舰店	20231121114205	619	37
旗舰店	20231121114205	620	37
旗舰店	20231121114205	621	37
旗舰店	20231121114205	622	37
旗舰店	20231121114205	623	37
旗舰店	20231121114205	624	37
旗舰店	20231121114205	625	37
旗舰店	20231121114205	626	37
旗舰店	20231121114205	627	37
旗舰店	20231121114205	628	37
旗舰店	20231121114205	629	37
旗舰店	20231121114205	630	37
旗舰店	20231121114205	631	37
旗舰店	20231121114205	632	37
旗舰店	20231121114205	633	37
旗舰店	20231121114205	634	37
旗舰店	20231121114205	635	37
旗舰店	20231121114205	636	37
旗舰店	20231121114205	637	37
旗舰店	20231121114205	638	37
旗舰店	20231121114205	639	37
旗舰店	20231121114205	640	37
旗舰店	20231121114205	641	37
旗舰店	20231121114205	642	37
旗舰店	20231121114205	643	37
旗舰店	20231121114205	644	37
旗舰店	20231121114205	645	37
旗舰店	20231121114205	646	37
旗舰店	20231121114205	647	37
旗舰店	20231121114205	648	37
旗舰店	20231121114205	649	37
旗舰店	20231121114205	650	37
旗舰店	20231121114205	651	37
旗舰店	20231121114205	652	37
旗舰店	20231121114205	653	37
旗舰店	20231121114205	654	37
旗舰店	20231121114205	655	37
旗舰店	20231121114205	656	37
旗舰店	20231121114205	657	37
旗舰店	20231121114205	658	37
旗舰店	20231121114205	659	37
旗舰店	20231121114205	660	37
旗舰店	20231121114205	661	37
旗舰店	20231121114205	662	37
旗舰店	20231121114205	663	37
旗舰店	20231121114205	664	37
旗舰店	20231121114205	665	37
旗舰店	20231121114205	666	37
旗舰店	20231121114205	667	37
旗舰店	20231121114205	668	37
旗舰店	20231121114205	669	37
旗舰店	20231121114205	670	37
旗舰店	20231121114205	671	37
旗舰店	20231121114205	672	37
旗舰店	20231121114205	673	37
旗舰店	20231121114205	674	38
旗舰店	20231121114205	675	38
旗舰店	20231121114205	676	38
旗舰店	20231121114205	677	38
旗舰店	20231121114205	678	38
旗舰店	20231121114205	679	38
旗舰店	20231121114205	680	38
旗舰店	20231121114205	681	38
旗舰店	20231121114205	682	38
旗舰店	20231121114205	683	38
旗舰店	20231121114205	684	38
旗舰店	20231121114205	685	38
旗舰店	20231121114205	686	38
旗舰店	20231121114205	687	38
旗舰店	20231121114205	688	38
旗舰店	20231121114205	689	38
旗舰店	20231121114205	690	38
旗舰店	20231121114205	691	38
旗舰店	20231121114205	692	38
旗舰店	20231121114205	693	38
旗舰店	20231121114205	694	38
旗舰店	20231121114205	695	38
旗舰店	20231121114205	696	38
旗舰店	20231121114205	697	38
旗舰店	20231121114205	698	38
旗舰店	20231121114205	699	38
旗舰店	20231121114205	700	38
旗舰店	20231121114205	701	38
旗舰店	20231121114205	702	38
旗舰店	20231121114205	703	38
旗舰店	20231121114205	704	38
旗舰店	20231121114205	705	38
旗舰店	20231121114205	706	38
旗舰店	20231121114205	707	38
旗舰店	20231121114205	708	38
旗舰店	20231121114205	709	38
旗舰店	20231121114205	710	38
旗舰店	20231121114205	711	38
旗舰店	20231121114205	712	38
旗舰店	20231121114205	713	38
旗舰店	20231121114205	714	38
旗舰店	20231121114205	715	38
旗舰店	20231121114205	716	38
旗舰店	20231121114205	717	38
旗舰店	20231121114205	718	38
旗舰店	20231121114205	719	38
旗舰店	20231121114205	720	38
旗舰店	20231121114205	721	38
旗舰店	20231121114205	722	38
旗舰店	20231121114205	723	38
旗舰店	20231121114205	724	38
旗舰店	20231121114205	725	38
旗舰店	20231121114205	726	38
旗舰店	20231121114205	727	38
旗舰店	20231121114205	728	38
旗舰店	20231121114205	729	38
旗舰店	20231121114205	730	39
旗舰店	20231121114205	731	39
旗舰店	20231121114205	732	39
旗舰店	20231121114205	733	39
旗舰店	20231121114205	734	40
旗舰店	20231121114205	735	40
旗舰店	20231121114205	736	40
旗舰店	20231121114205	737	40
旗舰店	20231121114205	738	40
旗舰店	20231121114205	739	40
旗舰店	20231121114205	740	40
旗舰店	20231121114205	741	40
旗舰店	20231121114205	742	40
旗舰店	20231121114205	743	40
旗舰店	20231121114205	744	40
旗舰店	20231121114205	745	40
旗舰店	20231121114205	746	40
旗舰店	20231121114205	747	40
旗舰店	20231121114205	748	40
旗舰店	20231121114205	749	40
旗舰店	20231121114205	750	40
旗舰店	20231121114205	751	40
旗舰店	20231121114205	752	40
旗舰店	20231121114205	753	40
旗舰店	20231121114205	754	40
旗舰店	20231121114205	755	40
旗舰店	20231121114205	756	40
旗舰店	20231121114205	757	40
旗舰店	20231121114205	758	40
旗舰店	20231121114205	759	40
旗舰店	20231121114205	760	40
旗舰店	20231121114205	761	40
旗舰店	20231121114205	762	40
旗舰店	20231121114205	763	40
旗舰店	20231121114205	764	40
旗舰店	20231121114205	765	40
旗舰店	20231121114205	766	40
旗舰店	20231121114205	767	40
旗舰店	20231121114205	768	40
旗舰店	20231121114205	769	40
旗舰店	20231121114205	770	40
旗舰店	20231121114205	771	40
旗舰店	20231121114205	772	40
旗舰店	20231121114205	773	40
旗舰店	20231121114205	774	40
旗舰店	20231121114205	775	40
旗舰店	20231121114205	776	40
旗舰店	20231121114205	777	40
旗舰店	20231121114205	778	40
旗舰店	20231121114205	779	40
旗舰店	20231121114205	780	40
旗舰店	20231121114205	781	40
旗舰店	20231121114205	782	40
旗舰店	20231121114205	783	40
旗舰店	20231121114205	784	40
旗舰店	20231121114205	785	40
旗舰店	20231121114205	786	41
旗舰店	20231121114205	787	41
旗舰店	20231121114205	788	41
旗舰店	20231121114205	789	41
旗舰店	20231121114205	790	41
旗舰店	20231121114205	791	41
旗舰店	20231121114205	792	41
旗舰店	20231121114205	793	41
旗舰店	20231121114205	794	41
旗舰店	20231121114205	795	41
旗舰店	20231121114205	796	41
旗舰店	20231121114205	797	41
旗舰店	20231121114205	798	41
旗舰店	20231121114205	799	41
旗舰店	20231121114205	800	41
旗舰店	20231121114205	801	41
旗舰店	20231121114205	802	41
旗舰店	20231121114205	803	41
旗舰店	20231121114205	804	41
旗舰店	20231121114205	805	41
旗舰店	20231121114205	806	41
旗舰店	20231121114205	807	41
旗舰店	20231121114205	808	41
旗舰店	20231121114205	809	41
旗舰店	20231121114205	810	41
旗舰店	20231121114205	811	41
旗舰店	20231121114205	812	41
旗舰店	20231121114205	813	41
旗舰店	20231121114205	814	41
旗舰店	20231121114205	815	41
旗舰店	20231121114205	816	41
旗舰店	20231121114205	817	41
旗舰店	20231121114205	818	41
旗舰店	20231121114205	819	41
旗舰店	20231121114205	820	41
旗舰店	20231121114205	821	41
旗舰店	20231121114205	822	41
旗舰店	20231121114205	823	41
旗舰店	20231121114205	824	41
旗舰店	20231121114205	825	41
旗舰店	20231121114205	826	41
旗舰店	20231121114205	827	41
旗舰店	20231121114205	828	41
旗舰店	20231121114205	829	41
旗舰店	20231121114205	830	41
旗舰店	20231121114205	831	41
旗舰店	20231121114205	832	41
旗舰店	20231121114205	833	41
旗舰店	20231121114205	834	41
旗舰店	20231121114205	835	41
旗舰店	20231121114205	836	41
旗舰店	20231121114205	837	41
旗舰店	20231121114205	838	41
旗舰店	20231121114205	839	41
旗舰店	20231121114205	840	41
旗舰店	20231121114205	841	41
旗舰店	20231121114205	842	41
旗舰店	20231121114205	843	41
旗舰店	20231121114205	844	41
旗舰店	20231121114205	845	41
旗舰店	20231121114205	846	41
旗舰店	20231121114205	847	41
旗舰店	20231121114205	848	41
旗舰店	20231121114205	849	41
旗舰店	20231121114205	850	41
旗舰店	20231121114205	851	41
旗舰店	20231121114205	852	41
旗舰店	20231121114205	853	41
旗舰店	20231121114205	854	41
旗舰店	20231121114205	855	41
旗舰店	20231121114205	856	41
旗舰店	20231121114205	857	41
旗舰店	20231121114205	858	41
旗舰店	20231121114205	859	41
旗舰店	20231121114205	860	41
旗舰店	20231121114205	861	41
旗舰店	20231121114205	862	41
旗舰店	20231121114205	863	41
旗舰店	20231121114205	864	41
旗舰店	20231121114205	865	41
旗舰店	20231121114205	866	41
旗舰店	20231121114205	867	42
旗舰店	20231121114205	868	42
旗舰店	20231121114205	869	43
旗舰店	20231121114205	870	43
旗舰店	20231121114205	871	43
旗舰店	20231121114205	872	43
旗舰店	20231121114205	873	43
旗舰店	20231121114205	874	43
旗舰店	20231121114205	875	43
旗舰店	20231121114205	876	43
旗舰店	20231121114205	877	43
旗舰店	20231121114205	878	43
旗舰店	20231121114205	879	43
旗舰店	20231121114205	880	43
旗舰店	20231121114205	881	43
旗舰店	20231121114205	882	43
旗舰店	20231121114205	883	43
旗舰店	20231121114205	884	43
旗舰店	20231121114205	885	43
旗舰店	20231121114205	886	43
旗舰店	20231121114205	887	43
旗舰店	20231121114205	888	43
旗舰店	20231121114205	889	43
旗舰店	20231121114205	890	43
旗舰店	20231121114205	891	43
旗舰店	20231121114205	892	43
旗舰店	20231121114205	893	43
旗舰店	20231121114205	894	43
旗舰店	20231121114205	895	43
旗舰店	20231121114205	896	43
旗舰店	20231121114205	897	43
旗舰店	20231121114205	898	43
旗舰店	20231121114205	899	43
旗舰店	20231121114205	900	43
旗舰店	20231121114205	901	43
旗舰店	20231121114205	902	43
旗舰店	20231121114205	903	43
旗舰店	20231121114205	904	43
旗舰店	20231121114205	905	43
旗舰店	20231121114205	906	43
旗舰店	20231121114205	907	43
旗舰店	20231121114205	908	43
旗舰店	20231121114205	909	43
旗舰店	20231121114205	910	43
旗舰店	20231121114205	911	43
旗舰店	20231121114205	912	43
旗舰店	20231121114205	913	43
旗舰店	20231121114205	914	43
旗舰店	20231121114205	915	43
旗舰店	20231121114205	916	43
旗舰店	20231121114205	917	43
旗舰店	20231121114205	918	43
旗舰店	20231121114205	919	43
旗舰店	20231121114205	920	43
旗舰店	20231121114205	921	43
旗舰店	20231121114205	922	43
旗舰店	20231121114205	923	43
旗舰店	20231121114205	924	43
旗舰店	20231121114205	925	43
旗舰店	20231121114205	926	43
旗舰店	20231121114205	927	43
旗舰店	20231121114205	928	43
旗舰店	20231121114205	929	43
旗舰店	20231121114205	930	43
旗舰店	20231121114205	931	43
旗舰店	20231121114205	932	43
旗舰店	20231121114205	933	43
旗舰店	20231121114205	934	43
旗舰店	20231121114205	935	43
旗舰店	20231121114205	936	43
旗舰店	20231121114205	937	43
旗舰店	20231121114205	938	43
旗舰店	20231121114205	939	43
旗舰店	20231121114205	940	43
旗舰店	20231121114205	941	43
旗舰店	20231121114205	942	43
旗舰店	20231121114205	943	43
旗舰店	20231121114205	944	43
旗舰店	20231121114205	945	43
旗舰店	20231121114205	946	43
旗舰店	20231121114205	947	43
旗舰店	20231121114205	948	43
旗舰店	20231121114205	949	43
旗舰店	20231121114205	950	43
旗舰店	20231121114205	951	43
旗舰店	20231121114205	952	43
旗舰店	20231121114205	953	43
旗舰店	20231121114205	954	43
旗舰店	20231121114205	955	43
旗舰店	20231121114205	956	43
旗舰店	20231121114205	957	43
旗舰店	20231121114205	958	43
旗舰店	20231121114205	959	43
旗舰店	20231121114205	960	43
旗舰店	20231121114205	961	43
旗舰店	20231121114205	962	43
旗舰店	20231121114205	963	43
旗舰店	20231121114205	964	43
旗舰店	20231121114205	965	43
旗舰店	20231121114205	966	43
旗舰店	20231121114205	967	43
旗舰店	20231121114205	968	43
旗舰店	20231121114205	969	43
旗舰店	20231121114205	970	43
旗舰店	20231121114205	971	43
旗舰店	20231121114205	972	43
旗舰店	20231121114205	973	43
旗舰店	20231121114205	974	43
旗舰店	20231121114205	975	43
旗舰店	20231121114205	976	43
旗舰店	20231121114205	977	43
旗舰店	20231121114205	978	43
