旗舰店	020231121112247	0	13
旗舰店	20231121112247	0	13
旗舰店	20231121112247	1	13
旗舰店	20231121112247	2	13
旗舰店	20231121112247	3	13
旗舰店	20231121112247	4	13
旗舰店	20231121112247	5	13
旗舰店	20231121112247	6	13
旗舰店	20231121112247	7	13
旗舰店	20231121112247	8	13
旗舰店	20231121112247	9	13
旗舰店	20231121112247	10	13
旗舰店	20231121112247	11	13
旗舰店	20231121112247	12	13
旗舰店	20231121112247	13	13
旗舰店	20231121112247	14	13
旗舰店	20231121112247	15	13
旗舰店	20231121112247	16	13
旗舰店	20231121112247	17	13
旗舰店	20231121112247	18	13
旗舰店	20231121112247	19	13
旗舰店	20231121112247	20	14
旗舰店	20231121112247	21	14
