旗舰店	020231121113800	0	30
旗舰店	20231121113800	0	30
旗舰店	20231121113800	1	30
旗舰店	20231121113800	2	30
旗舰店	20231121113800	3	30
旗舰店	20231121113800	4	30
旗舰店	20231121113800	5	30
旗舰店	20231121113800	6	30
旗舰店	20231121113800	7	30
旗舰店	20231121113800	8	30
旗舰店	20231121113800	9	30
旗舰店	20231121113800	10	30
旗舰店	20231121113800	11	30
旗舰店	20231121113800	12	30
旗舰店	20231121113800	13	30
旗舰店	20231121113800	14	30
旗舰店	20231121113800	15	30
旗舰店	20231121113800	16	30
旗舰店	20231121113800	17	30
旗舰店	20231121113800	18	30
旗舰店	20231121113800	19	30
旗舰店	20231121113800	20	30
旗舰店	20231121113800	21	30
旗舰店	20231121113800	22	30
旗舰店	20231121113800	23	30
旗舰店	20231121113800	24	30
旗舰店	20231121113800	25	30
旗舰店	20231121113800	26	30
旗舰店	20231121113800	27	30
旗舰店	20231121113800	28	30
旗舰店	20231121113800	29	30
旗舰店	20231121113800	30	30
旗舰店	20231121113800	31	30
旗舰店	20231121113800	32	30
旗舰店	20231121113800	33	30
旗舰店	20231121113800	34	30
旗舰店	20231121113800	35	30
旗舰店	20231121113800	36	30
旗舰店	20231121113800	37	30
旗舰店	20231121113800	38	30
旗舰店	20231121113800	39	31
旗舰店	20231121113800	40	31
旗舰店	20231121113800	41	31
旗舰店	20231121113800	42	31
旗舰店	20231121113800	43	31
旗舰店	20231121113800	44	31
旗舰店	20231121113800	45	31
旗舰店	20231121113800	46	31
旗舰店	20231121113800	47	31
旗舰店	20231121113800	48	31
旗舰店	20231121113800	49	31
旗舰店	20231121113800	50	31
旗舰店	20231121113800	51	31
旗舰店	20231121113800	52	31
旗舰店	20231121113800	53	31
旗舰店	20231121113800	54	31
旗舰店	20231121113800	55	31
旗舰店	20231121113800	56	31
旗舰店	20231121113800	57	31
旗舰店	20231121113800	58	31
旗舰店	20231121113800	59	31
旗舰店	20231121113800	60	31
旗舰店	20231121113800	61	31
旗舰店	20231121113800	62	31
旗舰店	20231121113800	63	31
旗舰店	20231121113800	64	31
旗舰店	20231121113800	65	32
旗舰店	20231121113800	66	32
旗舰店	20231121113800	67	32
旗舰店	20231121113800	68	32
旗舰店	20231121113800	69	32
旗舰店	20231121113800	70	32
旗舰店	20231121113800	71	32
旗舰店	20231121113800	72	32
旗舰店	20231121113800	73	32
旗舰店	20231121113800	74	32
旗舰店	20231121113800	75	32
旗舰店	20231121113800	76	32
旗舰店	20231121113800	77	32
旗舰店	20231121113800	78	32
旗舰店	20231121113800	79	32
旗舰店	20231121113800	80	32
旗舰店	20231121113800	81	32
旗舰店	20231121113800	82	32
旗舰店	20231121113800	83	32
旗舰店	20231121113800	84	32
旗舰店	20231121113800	85	32
旗舰店	20231121113800	86	32
旗舰店	20231121113800	87	32
旗舰店	20231121113800	88	32
旗舰店	20231121113800	89	32
旗舰店	20231121113800	90	32
旗舰店	20231121113800	91	32
旗舰店	20231121113800	92	32
旗舰店	20231121113800	93	32
旗舰店	20231121113800	94	32
旗舰店	20231121113800	95	32
旗舰店	20231121113800	96	32
旗舰店	20231121113800	97	32
旗舰店	20231121113800	98	32
旗舰店	20231121113800	99	32
旗舰店	20231121113800	100	32
旗舰店	20231121113800	101	32
旗舰店	20231121113800	102	32
旗舰店	20231121113800	103	32
旗舰店	20231121113800	104	32
旗舰店	20231121113800	105	32
旗舰店	20231121113800	106	32
旗舰店	20231121113800	107	32
旗舰店	20231121113800	108	32
旗舰店	20231121113800	109	32
旗舰店	20231121113800	110	32
旗舰店	20231121113800	111	32
旗舰店	20231121113800	112	32
旗舰店	20231121113800	113	32
旗舰店	20231121113800	114	32
旗舰店	20231121113800	115	33
旗舰店	20231121113800	116	33
旗舰店	20231121113800	117	33
旗舰店	20231121113800	118	33
旗舰店	20231121113800	119	33
旗舰店	20231121113800	120	33
旗舰店	20231121113800	121	33
旗舰店	20231121113800	122	33
旗舰店	20231121113800	123	33
旗舰店	20231121113800	124	33
旗舰店	20231121113800	125	33
旗舰店	20231121113800	126	33
旗舰店	20231121113800	127	33
旗舰店	20231121113800	128	33
旗舰店	20231121113800	129	33
旗舰店	20231121113800	130	33
旗舰店	20231121113800	131	33
旗舰店	20231121113800	132	33
旗舰店	20231121113800	133	33
旗舰店	20231121113800	134	33
旗舰店	20231121113800	135	33
旗舰店	20231121113800	136	33
旗舰店	20231121113800	137	33
旗舰店	20231121113800	138	33
旗舰店	20231121113800	139	34
旗舰店	20231121113800	140	34
旗舰店	20231121113800	141	34
旗舰店	20231121113800	142	34
旗舰店	20231121113800	143	34
旗舰店	20231121113800	144	34
旗舰店	20231121113800	145	34
旗舰店	20231121113800	146	34
旗舰店	20231121113800	147	34
旗舰店	20231121113800	148	34
旗舰店	20231121113800	149	34
旗舰店	20231121113800	150	34
旗舰店	20231121113800	151	34
旗舰店	20231121113800	152	34
旗舰店	20231121113800	153	34
旗舰店	20231121113800	154	34
旗舰店	20231121113800	155	34
旗舰店	20231121113800	156	34
旗舰店	20231121113800	157	34
旗舰店	20231121113800	158	34
旗舰店	20231121113800	159	34
旗舰店	20231121113800	160	34
旗舰店	20231121113800	161	34
旗舰店	20231121113800	162	34
旗舰店	20231121113800	163	34
旗舰店	20231121113800	164	34
旗舰店	20231121113800	165	34
旗舰店	20231121113800	166	34
旗舰店	20231121113800	167	34
旗舰店	20231121113800	168	34
旗舰店	20231121113800	169	34
旗舰店	20231121113800	170	34
旗舰店	20231121113800	171	34
旗舰店	20231121113800	172	34
旗舰店	20231121113800	173	34
旗舰店	20231121113800	174	34
旗舰店	20231121113800	175	34
旗舰店	20231121113800	176	34
旗舰店	20231121113800	177	34
旗舰店	20231121113800	178	34
旗舰店	20231121113800	179	34
旗舰店	20231121113800	180	34
旗舰店	20231121113800	181	34
旗舰店	20231121113800	182	34
旗舰店	20231121113800	183	34
旗舰店	20231121113800	184	34
旗舰店	20231121113800	185	34
旗舰店	20231121113800	186	34
旗舰店	20231121113800	187	34
旗舰店	20231121113800	188	34
旗舰店	20231121113800	189	34
旗舰店	20231121113800	190	34
旗舰店	20231121113800	191	34
旗舰店	20231121113800	192	34
旗舰店	20231121113800	193	34
旗舰店	20231121113800	194	34
旗舰店	20231121113800	195	34
旗舰店	20231121113800	196	34
旗舰店	20231121113800	197	34
旗舰店	20231121113800	198	34
旗舰店	20231121113800	199	34
旗舰店	20231121113800	200	34
旗舰店	20231121113800	201	34
旗舰店	20231121113800	202	34
旗舰店	20231121113800	203	34
旗舰店	20231121113800	204	34
旗舰店	20231121113800	205	34
旗舰店	20231121113800	206	34
旗舰店	20231121113800	207	34
旗舰店	20231121113800	208	34
旗舰店	20231121113800	209	34
旗舰店	20231121113800	210	34
旗舰店	20231121113800	211	34
旗舰店	20231121113800	212	34
旗舰店	20231121113800	213	34
旗舰店	20231121113800	214	34
旗舰店	20231121113800	215	34
旗舰店	20231121113800	216	34
旗舰店	20231121113800	217	34
旗舰店	20231121113800	218	34
旗舰店	20231121113800	219	34
旗舰店	20231121113800	220	34
旗舰店	20231121113800	221	34
旗舰店	20231121113800	222	34
旗舰店	20231121113800	223	34
旗舰店	20231121113800	224	34
旗舰店	20231121113800	225	34
旗舰店	20231121113800	226	34
旗舰店	20231121113800	227	34
旗舰店	20231121113800	228	34
旗舰店	20231121113800	229	34
旗舰店	20231121113800	230	34
旗舰店	20231121113800	231	34
旗舰店	20231121113800	232	34
旗舰店	20231121113800	233	34
旗舰店	20231121113800	234	34
旗舰店	20231121113800	235	34
旗舰店	20231121113800	236	34
旗舰店	20231121113800	237	34
旗舰店	20231121113800	238	34
旗舰店	20231121113800	239	34
旗舰店	20231121113800	240	34
旗舰店	20231121113800	241	34
旗舰店	20231121113800	242	34
旗舰店	20231121113800	243	34
旗舰店	20231121113800	244	34
旗舰店	20231121113800	245	34
旗舰店	20231121113800	246	34
旗舰店	20231121113800	247	34
旗舰店	20231121113800	248	34
旗舰店	20231121113800	249	34
旗舰店	20231121113800	250	34
旗舰店	20231121113800	251	34
旗舰店	20231121113800	252	34
旗舰店	20231121113800	253	34
旗舰店	20231121113800	254	34
旗舰店	20231121113800	255	34
旗舰店	20231121113800	256	34
旗舰店	20231121113800	257	34
旗舰店	20231121113800	258	34
旗舰店	20231121113800	259	34
旗舰店	20231121113800	260	34
旗舰店	20231121113800	261	34
旗舰店	20231121113800	262	34
旗舰店	20231121113800	263	34
旗舰店	20231121113800	264	34
旗舰店	20231121113800	265	34
旗舰店	20231121113800	266	34
旗舰店	20231121113800	267	34
旗舰店	20231121113800	268	34
旗舰店	20231121113800	269	34
旗舰店	20231121113800	270	34
旗舰店	20231121113800	271	34
旗舰店	20231121113800	272	34
旗舰店	20231121113800	273	34
旗舰店	20231121113800	274	34
旗舰店	20231121113800	275	34
旗舰店	20231121113800	276	34
旗舰店	20231121113800	277	34
旗舰店	20231121113800	278	34
旗舰店	20231121113800	279	34
旗舰店	20231121113800	280	34
旗舰店	20231121113800	281	34
旗舰店	20231121113800	282	34
旗舰店	20231121113800	283	34
旗舰店	20231121113800	284	34
旗舰店	20231121113800	285	34
旗舰店	20231121113800	286	34
旗舰店	20231121113800	287	34
旗舰店	20231121113800	288	34
旗舰店	20231121113800	289	34
旗舰店	20231121113800	290	34
旗舰店	20231121113800	291	34
旗舰店	20231121113800	292	34
旗舰店	20231121113800	293	34
旗舰店	20231121113800	294	34
旗舰店	20231121113800	295	34
旗舰店	20231121113800	296	34
旗舰店	20231121113800	297	34
旗舰店	20231121113800	298	34
旗舰店	20231121113800	299	34
旗舰店	20231121113800	300	34
旗舰店	20231121113800	301	34
旗舰店	20231121113800	302	34
旗舰店	20231121113800	303	34
旗舰店	20231121113800	304	34
旗舰店	20231121113800	305	34
旗舰店	20231121113800	306	34
旗舰店	20231121113800	307	34
旗舰店	20231121113800	308	34
旗舰店	20231121113800	309	34
旗舰店	20231121113800	310	34
旗舰店	20231121113800	311	34
旗舰店	20231121113800	312	34
旗舰店	20231121113800	313	34
旗舰店	20231121113800	314	34
旗舰店	20231121113800	315	34
旗舰店	20231121113800	316	34
旗舰店	20231121113800	317	34
旗舰店	20231121113800	318	34
旗舰店	20231121113800	319	34
旗舰店	20231121113800	320	34
旗舰店	20231121113800	321	34
旗舰店	20231121113800	322	34
旗舰店	20231121113800	323	34
旗舰店	20231121113800	324	34
旗舰店	20231121113800	325	34
旗舰店	20231121113800	326	34
旗舰店	20231121113800	327	34
旗舰店	20231121113800	328	34
旗舰店	20231121113800	329	34
旗舰店	20231121113800	330	34
旗舰店	20231121113800	331	34
旗舰店	20231121113800	332	34
旗舰店	20231121113800	333	34
旗舰店	20231121113800	334	34
旗舰店	20231121113800	335	34
旗舰店	20231121113800	336	34
旗舰店	20231121113800	337	34
旗舰店	20231121113800	338	34
旗舰店	20231121113800	339	34
旗舰店	20231121113800	340	34
旗舰店	20231121113800	341	34
旗舰店	20231121113800	342	34
旗舰店	20231121113800	343	34
旗舰店	20231121113800	344	34
旗舰店	20231121113800	345	34
旗舰店	20231121113800	346	34
旗舰店	20231121113800	347	34
旗舰店	20231121113800	348	34
旗舰店	20231121113800	349	34
旗舰店	20231121113800	350	34
旗舰店	20231121113800	351	34
旗舰店	20231121113800	352	34
旗舰店	20231121113800	353	34
旗舰店	20231121113800	354	34
旗舰店	20231121113800	355	34
旗舰店	20231121113800	356	34
旗舰店	20231121113800	357	34
旗舰店	20231121113800	358	34
旗舰店	20231121113800	359	34
旗舰店	20231121113800	360	34
旗舰店	20231121113800	361	34
旗舰店	20231121113800	362	34
旗舰店	20231121113800	363	34
旗舰店	20231121113800	364	34
旗舰店	20231121113800	365	34
旗舰店	20231121113800	366	34
旗舰店	20231121113800	367	34
旗舰店	20231121113800	368	34
旗舰店	20231121113800	369	34
旗舰店	20231121113800	370	34
旗舰店	20231121113800	371	34
旗舰店	20231121113800	372	34
旗舰店	20231121113800	373	34
旗舰店	20231121113800	374	34
旗舰店	20231121113800	375	34
旗舰店	20231121113800	376	34
旗舰店	20231121113800	377	34
旗舰店	20231121113800	378	34
旗舰店	20231121113800	379	34
旗舰店	20231121113800	380	34
旗舰店	20231121113800	381	34
旗舰店	20231121113800	382	34
旗舰店	20231121113800	383	34
旗舰店	20231121113800	384	34
旗舰店	20231121113800	385	34
旗舰店	20231121113800	386	34
旗舰店	20231121113800	387	34
旗舰店	20231121113800	388	34
旗舰店	20231121113800	389	34
旗舰店	20231121113800	390	34
旗舰店	20231121113800	391	34
旗舰店	20231121113800	392	34
旗舰店	20231121113800	393	34
旗舰店	20231121113800	394	34
旗舰店	20231121113800	395	34
旗舰店	20231121113800	396	34
旗舰店	20231121113800	397	34
旗舰店	20231121113800	398	34
旗舰店	20231121113800	399	34
旗舰店	20231121113800	400	34
旗舰店	20231121113800	401	34
旗舰店	20231121113800	402	34
旗舰店	20231121113800	403	34
旗舰店	20231121113800	404	34
旗舰店	20231121113800	405	34
旗舰店	20231121113800	406	34
旗舰店	20231121113800	407	34
旗舰店	20231121113800	408	34
旗舰店	20231121113800	409	34
旗舰店	20231121113800	410	34
旗舰店	20231121113800	411	34
旗舰店	20231121113800	412	34
旗舰店	20231121113800	413	34
旗舰店	20231121113800	414	34
旗舰店	20231121113800	415	34
旗舰店	20231121113800	416	34
旗舰店	20231121113800	417	34
旗舰店	20231121113800	418	34
旗舰店	20231121113800	419	34
旗舰店	20231121113800	420	34
旗舰店	20231121113800	421	34
旗舰店	20231121113800	422	34
旗舰店	20231121113800	423	34
旗舰店	20231121113800	424	34
旗舰店	20231121113800	425	34
旗舰店	20231121113800	426	34
旗舰店	20231121113800	427	34
旗舰店	20231121113800	428	34
旗舰店	20231121113800	429	34
旗舰店	20231121113800	430	34
旗舰店	20231121113800	431	34
旗舰店	20231121113800	432	34
旗舰店	20231121113800	433	34
旗舰店	20231121113800	434	34
旗舰店	20231121113800	435	34
旗舰店	20231121113800	436	34
旗舰店	20231121113800	437	34
旗舰店	20231121113800	438	34
旗舰店	20231121113800	439	34
旗舰店	20231121113800	440	34
旗舰店	20231121113800	441	34
旗舰店	20231121113800	442	34
旗舰店	20231121113800	443	34
旗舰店	20231121113800	444	34
旗舰店	20231121113800	445	34
旗舰店	20231121113800	446	34
旗舰店	20231121113800	447	34
旗舰店	20231121113800	448	34
旗舰店	20231121113800	449	34
旗舰店	20231121113800	450	34
旗舰店	20231121113800	451	34
旗舰店	20231121113800	452	34
旗舰店	20231121113800	453	34
旗舰店	20231121113800	454	34
