旗舰店	020231121112815	0	14
旗舰店	20231121112815	0	14
旗舰店	20231121112815	1	14
旗舰店	20231121112815	2	14
旗舰店	20231121112815	3	14
旗舰店	20231121112815	4	14
旗舰店	20231121112815	5	14
旗舰店	20231121112815	6	14
旗舰店	20231121112815	7	14
旗舰店	20231121112815	8	14
旗舰店	20231121112815	9	14
旗舰店	20231121112815	10	14
旗舰店	20231121112815	11	14
旗舰店	20231121112815	12	14
旗舰店	20231121112815	13	14
旗舰店	20231121112815	14	14
旗舰店	20231121112815	15	14
旗舰店	20231121112815	16	14
旗舰店	20231121112815	17	14
旗舰店	20231121112815	18	14
旗舰店	20231121112815	19	14
旗舰店	20231121112815	20	14
旗舰店	20231121112815	21	14
旗舰店	20231121112815	22	14
旗舰店	20231121112815	23	14
旗舰店	20231121112815	24	14
旗舰店	20231121112815	25	14
旗舰店	20231121112815	26	14
旗舰店	20231121112815	27	14
旗舰店	20231121112815	28	14
旗舰店	20231121112815	29	14
旗舰店	20231121112815	30	14
旗舰店	20231121112815	31	14
旗舰店	20231121112815	32	14
旗舰店	20231121112815	33	14
旗舰店	20231121112815	34	14
旗舰店	20231121112815	35	14
旗舰店	20231121112815	36	14
旗舰店	20231121112815	37	14
旗舰店	20231121112815	38	14
旗舰店	20231121112815	39	14
旗舰店	20231121112815	40	14
旗舰店	20231121112815	41	14
旗舰店	20231121112815	42	14
旗舰店	20231121112815	43	14
旗舰店	20231121112815	44	14
旗舰店	20231121112815	45	14
旗舰店	20231121112815	46	14
旗舰店	20231121112815	47	14
旗舰店	20231121112815	48	14
旗舰店	20231121112815	49	14
旗舰店	20231121112815	50	14
旗舰店	20231121112815	51	14
旗舰店	20231121112815	52	14
旗舰店	20231121112815	53	14
旗舰店	20231121112815	54	14
旗舰店	20231121112815	55	14
旗舰店	20231121112815	56	14
旗舰店	20231121112815	57	14
旗舰店	20231121112815	58	14
旗舰店	20231121112815	59	14
旗舰店	20231121112815	60	14
旗舰店	20231121112815	61	14
旗舰店	20231121112815	62	14
旗舰店	20231121112815	63	14
旗舰店	20231121112815	64	14
旗舰店	20231121112815	65	14
旗舰店	20231121112815	66	14
旗舰店	20231121112815	67	14
旗舰店	20231121112815	68	14
旗舰店	20231121112815	69	14
旗舰店	20231121112815	70	14
旗舰店	20231121112815	71	14
旗舰店	20231121112815	72	14
旗舰店	20231121112815	73	14
旗舰店	20231121112815	74	14
旗舰店	20231121112815	75	14
旗舰店	20231121112815	76	14
旗舰店	20231121112815	77	14
旗舰店	20231121112815	78	14
旗舰店	20231121112815	79	14
旗舰店	20231121112815	80	14
旗舰店	20231121112815	81	14
旗舰店	20231121112815	82	14
旗舰店	20231121112815	83	14
旗舰店	20231121112815	84	14
旗舰店	20231121112815	85	14
旗舰店	20231121112815	86	14
旗舰店	20231121112815	87	14
旗舰店	20231121112815	88	14
旗舰店	20231121112815	89	14
旗舰店	20231121112815	90	14
旗舰店	20231121112815	91	14
旗舰店	20231121112815	92	14
旗舰店	20231121112815	93	14
旗舰店	20231121112815	94	14
旗舰店	20231121112815	95	14
旗舰店	20231121112815	96	14
旗舰店	20231121112815	97	14
旗舰店	20231121112815	98	14
旗舰店	20231121112815	99	14
旗舰店	20231121112815	100	14
旗舰店	20231121112815	101	14
旗舰店	20231121112815	102	14
旗舰店	20231121112815	103	14
旗舰店	20231121112815	104	14
旗舰店	20231121112815	105	14
旗舰店	20231121112815	106	14
旗舰店	20231121112815	107	14
旗舰店	20231121112815	108	14
旗舰店	20231121112815	109	14
旗舰店	20231121112815	110	14
旗舰店	20231121112815	111	14
旗舰店	20231121112815	112	14
旗舰店	20231121112815	113	14
旗舰店	20231121112815	114	14
旗舰店	20231121112815	115	14
旗舰店	20231121112815	116	14
旗舰店	20231121112815	117	14
旗舰店	20231121112815	118	14
旗舰店	20231121112815	119	14
旗舰店	20231121112815	120	14
旗舰店	20231121112815	121	14
旗舰店	20231121112815	122	14
旗舰店	20231121112815	123	14
旗舰店	20231121112815	124	14
旗舰店	20231121112815	125	14
旗舰店	20231121112815	126	14
旗舰店	20231121112815	127	14
旗舰店	20231121112815	128	14
旗舰店	20231121112815	129	14
旗舰店	20231121112815	130	14
旗舰店	20231121112815	131	14
旗舰店	20231121112815	132	14
旗舰店	20231121112815	133	14
旗舰店	20231121112815	134	14
旗舰店	20231121112815	135	14
旗舰店	20231121112815	136	14
旗舰店	20231121112815	137	14
旗舰店	20231121112815	138	14
旗舰店	20231121112815	139	14
旗舰店	20231121112815	140	14
旗舰店	20231121112815	141	14
旗舰店	20231121112815	142	14
旗舰店	20231121112815	143	14
旗舰店	20231121112815	144	14
旗舰店	20231121112815	145	14
旗舰店	20231121112815	146	14
旗舰店	20231121112815	147	14
旗舰店	20231121112815	148	14
旗舰店	20231121112815	149	14
旗舰店	20231121112815	150	14
旗舰店	20231121112815	151	14
旗舰店	20231121112815	152	14
旗舰店	20231121112815	153	14
旗舰店	20231121112815	154	15
旗舰店	20231121112815	155	15
旗舰店	20231121112815	156	15
旗舰店	20231121112815	157	16
旗舰店	20231121112815	158	16
旗舰店	20231121112815	159	16
旗舰店	20231121112815	160	16
旗舰店	20231121112815	161	16
旗舰店	20231121112815	162	16
旗舰店	20231121112815	163	16
旗舰店	20231121112815	164	16
旗舰店	20231121112815	165	17
旗舰店	20231121112815	166	17
旗舰店	20231121112815	167	17
旗舰店	20231121112815	168	17
旗舰店	20231121112815	169	17
旗舰店	20231121112815	170	17
旗舰店	20231121112815	171	17
旗舰店	20231121112815	172	17
旗舰店	20231121112815	173	17
旗舰店	20231121112815	174	17
旗舰店	20231121112815	175	17
旗舰店	20231121112815	176	17
旗舰店	20231121112815	177	17
旗舰店	20231121112815	178	17
旗舰店	20231121112815	179	17
旗舰店	20231121112815	180	17
旗舰店	20231121112815	181	17
旗舰店	20231121112815	182	17
旗舰店	20231121112815	183	17
旗舰店	20231121112815	184	17
旗舰店	20231121112815	185	17
旗舰店	20231121112815	186	17
旗舰店	20231121112815	187	17
旗舰店	20231121112815	188	17
旗舰店	20231121112815	189	17
旗舰店	20231121112815	190	17
旗舰店	20231121112815	191	17
旗舰店	20231121112815	192	17
旗舰店	20231121112815	193	17
旗舰店	20231121112815	194	17
旗舰店	20231121112815	195	17
旗舰店	20231121112815	196	17
旗舰店	20231121112815	197	17
旗舰店	20231121112815	198	17
旗舰店	20231121112815	199	17
旗舰店	20231121112815	200	17
旗舰店	20231121112815	201	18
旗舰店	20231121112815	202	18
旗舰店	20231121112815	203	18
旗舰店	20231121112815	204	18
旗舰店	20231121112815	205	18
旗舰店	20231121112815	206	18
旗舰店	20231121112815	207	18
旗舰店	20231121112815	208	18
旗舰店	20231121112815	209	18
旗舰店	20231121112815	210	18
旗舰店	20231121112815	211	18
旗舰店	20231121112815	212	18
旗舰店	20231121112815	213	18
旗舰店	20231121112815	214	18
旗舰店	20231121112815	215	18
旗舰店	20231121112815	216	18
旗舰店	20231121112815	217	18
旗舰店	20231121112815	218	18
旗舰店	20231121112815	219	18
旗舰店	20231121112815	220	18
旗舰店	20231121112815	221	18
旗舰店	20231121112815	222	18
旗舰店	20231121112815	223	18
旗舰店	20231121112815	224	18
旗舰店	20231121112815	225	18
旗舰店	20231121112815	226	18
旗舰店	20231121112815	227	18
旗舰店	20231121112815	228	18
旗舰店	20231121112815	229	18
旗舰店	20231121112815	230	18
旗舰店	20231121112815	231	18
旗舰店	20231121112815	232	18
旗舰店	20231121112815	233	18
旗舰店	20231121112815	234	18
旗舰店	20231121112815	235	18
旗舰店	20231121112815	236	18
旗舰店	20231121112815	237	18
旗舰店	20231121112815	238	18
旗舰店	20231121112815	239	18
旗舰店	20231121112815	240	18
旗舰店	20231121112815	241	18
旗舰店	20231121112815	242	18
旗舰店	20231121112815	243	18
旗舰店	20231121112815	244	18
旗舰店	20231121112815	245	18
旗舰店	20231121112815	246	18
旗舰店	20231121112815	247	18
旗舰店	20231121112815	248	18
旗舰店	20231121112815	249	18
旗舰店	20231121112815	250	18
旗舰店	20231121112815	251	18
旗舰店	20231121112815	252	18
旗舰店	20231121112815	253	18
旗舰店	20231121112815	254	18
旗舰店	20231121112815	255	18
旗舰店	20231121112815	256	18
旗舰店	20231121112815	257	18
旗舰店	20231121112815	258	18
旗舰店	20231121112815	259	18
旗舰店	20231121112815	260	18
旗舰店	20231121112815	261	18
旗舰店	20231121112815	262	18
旗舰店	20231121112815	263	18
旗舰店	20231121112815	264	18
旗舰店	20231121112815	265	18
旗舰店	20231121112815	266	18
旗舰店	20231121112815	267	18
旗舰店	20231121112815	268	18
旗舰店	20231121112815	269	18
旗舰店	20231121112815	270	18
旗舰店	20231121112815	271	18
旗舰店	20231121112815	272	18
旗舰店	20231121112815	273	18
旗舰店	20231121112815	274	18
旗舰店	20231121112815	275	18
旗舰店	20231121112815	276	18
旗舰店	20231121112815	277	18
旗舰店	20231121112815	278	18
旗舰店	20231121112815	279	18
旗舰店	20231121112815	280	18
旗舰店	20231121112815	281	18
旗舰店	20231121112815	282	18
旗舰店	20231121112815	283	18
旗舰店	20231121112815	284	18
旗舰店	20231121112815	285	18
旗舰店	20231121112815	286	18
旗舰店	20231121112815	287	18
旗舰店	20231121112815	288	18
旗舰店	20231121112815	289	18
旗舰店	20231121112815	290	18
旗舰店	20231121112815	291	18
旗舰店	20231121112815	292	18
旗舰店	20231121112815	293	18
旗舰店	20231121112815	294	18
旗舰店	20231121112815	295	18
旗舰店	20231121112815	296	18
旗舰店	20231121112815	297	18
旗舰店	20231121112815	298	18
旗舰店	20231121112815	299	18
旗舰店	20231121112815	300	18
旗舰店	20231121112815	301	18
旗舰店	20231121112815	302	18
旗舰店	20231121112815	303	18
旗舰店	20231121112815	304	18
旗舰店	20231121112815	305	18
旗舰店	20231121112815	306	18
旗舰店	20231121112815	307	18
旗舰店	20231121112815	308	18
旗舰店	20231121112815	309	18
旗舰店	20231121112815	310	18
旗舰店	20231121112815	311	18
旗舰店	20231121112815	312	18
旗舰店	20231121112815	313	18
旗舰店	20231121112815	314	18
旗舰店	20231121112815	315	18
旗舰店	20231121112815	316	18
旗舰店	20231121112815	317	18
旗舰店	20231121112815	318	18
旗舰店	20231121112815	319	18
旗舰店	20231121112815	320	18
旗舰店	20231121112815	321	18
旗舰店	20231121112815	322	18
旗舰店	20231121112815	323	18
旗舰店	20231121112815	324	18
旗舰店	20231121112815	325	18
旗舰店	20231121112815	326	18
旗舰店	20231121112815	327	18
旗舰店	20231121112815	328	18
旗舰店	20231121112815	329	18
旗舰店	20231121112815	330	18
旗舰店	20231121112815	331	18
旗舰店	20231121112815	332	18
旗舰店	20231121112815	333	18
旗舰店	20231121112815	334	18
旗舰店	20231121112815	335	18
旗舰店	20231121112815	336	18
旗舰店	20231121112815	337	18
旗舰店	20231121112815	338	18
旗舰店	20231121112815	339	18
旗舰店	20231121112815	340	18
旗舰店	20231121112815	341	18
旗舰店	20231121112815	342	18
旗舰店	20231121112815	343	18
旗舰店	20231121112815	344	18
旗舰店	20231121112815	345	18
旗舰店	20231121112815	346	18
旗舰店	20231121112815	347	18
旗舰店	20231121112815	348	18
旗舰店	20231121112815	349	18
旗舰店	20231121112815	350	18
旗舰店	20231121112815	351	18
旗舰店	20231121112815	352	18
旗舰店	20231121112815	353	18
旗舰店	20231121112815	354	18
旗舰店	20231121112815	355	18
旗舰店	20231121112815	356	18
旗舰店	20231121112815	357	18
旗舰店	20231121112815	358	18
旗舰店	20231121112815	359	18
旗舰店	20231121112815	360	18
旗舰店	20231121112815	361	18
旗舰店	20231121112815	362	18
旗舰店	20231121112815	363	18
旗舰店	20231121112815	364	18
旗舰店	20231121112815	365	19
旗舰店	20231121112815	366	19
旗舰店	20231121112815	367	19
旗舰店	20231121112815	368	19
旗舰店	20231121112815	369	19
旗舰店	20231121112815	370	19
旗舰店	20231121112815	371	19
旗舰店	20231121112815	372	19
旗舰店	20231121112815	373	19
旗舰店	20231121112815	374	19
旗舰店	20231121112815	375	19
旗舰店	20231121112815	376	19
旗舰店	20231121112815	377	19
旗舰店	20231121112815	378	19
旗舰店	20231121112815	379	19
旗舰店	20231121112815	380	19
旗舰店	20231121112815	381	19
旗舰店	20231121112815	382	19
旗舰店	20231121112815	383	19
旗舰店	20231121112815	384	19
旗舰店	20231121112815	385	19
旗舰店	20231121112815	386	19
旗舰店	20231121112815	387	19
旗舰店	20231121112815	388	19
旗舰店	20231121112815	389	19
旗舰店	20231121112815	390	19
旗舰店	20231121112815	391	19
旗舰店	20231121112815	392	19
旗舰店	20231121112815	393	19
旗舰店	20231121112815	394	19
旗舰店	20231121112815	395	19
旗舰店	20231121112815	396	19
旗舰店	20231121112815	397	19
旗舰店	20231121112815	398	19
旗舰店	20231121112815	399	19
旗舰店	20231121112815	400	19
旗舰店	20231121112815	401	19
旗舰店	20231121112815	402	19
旗舰店	20231121112815	403	19
旗舰店	20231121112815	404	19
旗舰店	20231121112815	405	19
旗舰店	20231121112815	406	19
旗舰店	20231121112815	407	19
旗舰店	20231121112815	408	19
旗舰店	20231121112815	409	19
旗舰店	20231121112815	410	19
旗舰店	20231121112815	411	19
旗舰店	20231121112815	412	19
旗舰店	20231121112815	413	19
旗舰店	20231121112815	414	19
旗舰店	20231121112815	415	19
旗舰店	20231121112815	416	19
旗舰店	20231121112815	417	19
旗舰店	20231121112815	418	19
旗舰店	20231121112815	419	19
旗舰店	20231121112815	420	19
旗舰店	20231121112815	421	19
旗舰店	20231121112815	422	19
旗舰店	20231121112815	423	19
旗舰店	20231121112815	424	19
旗舰店	20231121112815	425	19
旗舰店	20231121112815	426	19
旗舰店	20231121112815	427	19
旗舰店	20231121112815	428	19
旗舰店	20231121112815	429	19
旗舰店	20231121112815	430	19
旗舰店	20231121112815	431	19
旗舰店	20231121112815	432	19
旗舰店	20231121112815	433	19
旗舰店	20231121112815	434	19
旗舰店	20231121112815	435	19
旗舰店	20231121112815	436	19
旗舰店	20231121112815	437	19
旗舰店	20231121112815	438	19
旗舰店	20231121112815	439	19
旗舰店	20231121112815	440	19
旗舰店	20231121112815	441	19
旗舰店	20231121112815	442	19
旗舰店	20231121112815	443	19
旗舰店	20231121112815	444	19
旗舰店	20231121112815	445	19
旗舰店	20231121112815	446	19
旗舰店	20231121112815	447	19
旗舰店	20231121112815	448	19
旗舰店	20231121112815	449	19
旗舰店	20231121112815	450	19
旗舰店	20231121112815	451	19
旗舰店	20231121112815	452	19
旗舰店	20231121112815	453	19
旗舰店	20231121112815	454	19
旗舰店	20231121112815	455	19
旗舰店	20231121112815	456	19
旗舰店	20231121112815	457	19
旗舰店	20231121112815	458	19
旗舰店	20231121112815	459	19
旗舰店	20231121112815	460	19
旗舰店	20231121112815	461	19
旗舰店	20231121112815	462	19
旗舰店	20231121112815	463	19
旗舰店	20231121112815	464	19
旗舰店	20231121112815	465	19
旗舰店	20231121112815	466	19
旗舰店	20231121112815	467	19
旗舰店	20231121112815	468	19
旗舰店	20231121112815	469	19
旗舰店	20231121112815	470	19
旗舰店	20231121112815	471	19
旗舰店	20231121112815	472	19
旗舰店	20231121112815	473	19
旗舰店	20231121112815	474	19
旗舰店	20231121112815	475	19
旗舰店	20231121112815	476	19
旗舰店	20231121112815	477	19
旗舰店	20231121112815	478	19
旗舰店	20231121112815	479	19
旗舰店	20231121112815	480	19
旗舰店	20231121112815	481	19
旗舰店	20231121112815	482	19
旗舰店	20231121112815	483	19
旗舰店	20231121112815	484	19
旗舰店	20231121112815	485	19
旗舰店	20231121112815	486	19
旗舰店	20231121112815	487	19
旗舰店	20231121112815	488	19
旗舰店	20231121112815	489	19
旗舰店	20231121112815	490	19
旗舰店	20231121112815	491	19
旗舰店	20231121112815	492	19
旗舰店	20231121112815	493	19
旗舰店	20231121112815	494	19
旗舰店	20231121112815	495	19
旗舰店	20231121112815	496	19
旗舰店	20231121112815	497	19
旗舰店	20231121112815	498	19
旗舰店	20231121112815	499	19
旗舰店	20231121112815	500	19
旗舰店	20231121112815	501	19
旗舰店	20231121112815	502	19
旗舰店	20231121112815	503	19
旗舰店	20231121112815	504	19
旗舰店	20231121112815	505	19
旗舰店	20231121112815	506	19
旗舰店	20231121112815	507	19
旗舰店	20231121112815	508	19
旗舰店	20231121112815	509	19
旗舰店	20231121112815	510	19
旗舰店	20231121112815	511	19
旗舰店	20231121112815	512	19
旗舰店	20231121112815	513	19
旗舰店	20231121112815	514	19
旗舰店	20231121112815	515	19
旗舰店	20231121112815	516	19
旗舰店	20231121112815	517	19
旗舰店	20231121112815	518	19
旗舰店	20231121112815	519	19
旗舰店	20231121112815	520	19
旗舰店	20231121112815	521	19
旗舰店	20231121112815	522	19
旗舰店	20231121112815	523	19
旗舰店	20231121112815	524	19
旗舰店	20231121112815	525	19
旗舰店	20231121112815	526	19
旗舰店	20231121112815	527	19
旗舰店	20231121112815	528	19
旗舰店	20231121112815	529	19
旗舰店	20231121112815	530	19
旗舰店	20231121112815	531	19
旗舰店	20231121112815	532	19
旗舰店	20231121112815	533	19
旗舰店	20231121112815	534	19
旗舰店	20231121112815	535	19
旗舰店	20231121112815	536	19
旗舰店	20231121112815	537	19
旗舰店	20231121112815	538	19
旗舰店	20231121112815	539	19
旗舰店	20231121112815	540	19
旗舰店	20231121112815	541	19
旗舰店	20231121112815	542	19
旗舰店	20231121112815	543	19
旗舰店	20231121112815	544	19
旗舰店	20231121112815	545	19
旗舰店	20231121112815	546	19
旗舰店	20231121112815	547	19
旗舰店	20231121112815	548	19
旗舰店	20231121112815	549	19
旗舰店	20231121112815	550	19
旗舰店	20231121112815	551	19
旗舰店	20231121112815	552	19
旗舰店	20231121112815	553	19
旗舰店	20231121112815	554	19
旗舰店	20231121112815	555	19
旗舰店	20231121112815	556	19
旗舰店	20231121112815	557	19
旗舰店	20231121112815	558	19
旗舰店	20231121112815	559	19
旗舰店	20231121112815	560	19
旗舰店	20231121112815	561	19
旗舰店	20231121112815	562	19
旗舰店	20231121112815	563	19
旗舰店	20231121112815	564	19
旗舰店	20231121112815	565	19
旗舰店	20231121112815	566	19
旗舰店	20231121112815	567	19
旗舰店	20231121112815	568	19
旗舰店	20231121112815	569	19
旗舰店	20231121112815	570	19
旗舰店	20231121112815	571	19
旗舰店	20231121112815	572	19
旗舰店	20231121112815	573	19
旗舰店	20231121112815	574	19
旗舰店	20231121112815	575	19
旗舰店	20231121112815	576	19
旗舰店	20231121112815	577	19
旗舰店	20231121112815	578	19
旗舰店	20231121112815	579	19
旗舰店	20231121112815	580	19
旗舰店	20231121112815	581	19
旗舰店	20231121112815	582	19
旗舰店	20231121112815	583	19
旗舰店	20231121112815	584	19
旗舰店	20231121112815	585	19
旗舰店	20231121112815	586	19
旗舰店	20231121112815	587	19
旗舰店	20231121112815	588	19
旗舰店	20231121112815	589	19
旗舰店	20231121112815	590	19
旗舰店	20231121112815	591	19
旗舰店	20231121112815	592	19
旗舰店	20231121112815	593	19
旗舰店	20231121112815	594	19
旗舰店	20231121112815	595	19
旗舰店	20231121112815	596	19
旗舰店	20231121112815	597	19
旗舰店	20231121112815	598	19
旗舰店	20231121112815	599	19
旗舰店	20231121112815	600	19
旗舰店	20231121112815	601	19
旗舰店	20231121112815	602	19
旗舰店	20231121112815	603	19
旗舰店	20231121112815	604	19
旗舰店	20231121112815	605	19
旗舰店	20231121112815	606	19
旗舰店	20231121112815	607	19
旗舰店	20231121112815	608	19
旗舰店	20231121112815	609	19
旗舰店	20231121112815	610	19
旗舰店	20231121112815	611	19
旗舰店	20231121112815	612	19
旗舰店	20231121112815	613	19
旗舰店	20231121112815	614	19
旗舰店	20231121112815	615	19
旗舰店	20231121112815	616	19
旗舰店	20231121112815	617	19
旗舰店	20231121112815	618	19
旗舰店	20231121112815	619	19
旗舰店	20231121112815	620	19
旗舰店	20231121112815	621	19
旗舰店	20231121112815	622	19
旗舰店	20231121112815	623	19
旗舰店	20231121112815	624	19
旗舰店	20231121112815	625	19
旗舰店	20231121112815	626	19
旗舰店	20231121112815	627	19
旗舰店	20231121112815	628	19
旗舰店	20231121112815	629	19
旗舰店	20231121112815	630	19
旗舰店	20231121112815	631	19
旗舰店	20231121112815	632	19
旗舰店	20231121112815	633	19
旗舰店	20231121112815	634	19
旗舰店	20231121112815	635	19
旗舰店	20231121112815	636	19
旗舰店	20231121112815	637	19
旗舰店	20231121112815	638	19
旗舰店	20231121112815	639	19
旗舰店	20231121112815	640	19
旗舰店	20231121112815	641	19
旗舰店	20231121112815	642	19
旗舰店	20231121112815	643	19
旗舰店	20231121112815	644	19
旗舰店	20231121112815	645	19
旗舰店	20231121112815	646	19
旗舰店	20231121112815	647	19
旗舰店	20231121112815	648	19
旗舰店	20231121112815	649	19
旗舰店	20231121112815	650	19
旗舰店	20231121112815	651	19
旗舰店	20231121112815	652	19
旗舰店	20231121112815	653	19
旗舰店	20231121112815	654	19
旗舰店	20231121112815	655	19
旗舰店	20231121112815	656	19
旗舰店	20231121112815	657	19
旗舰店	20231121112815	658	19
旗舰店	20231121112815	659	19
旗舰店	20231121112815	660	19
旗舰店	20231121112815	661	19
旗舰店	20231121112815	662	19
旗舰店	20231121112815	663	19
旗舰店	20231121112815	664	19
旗舰店	20231121112815	665	19
旗舰店	20231121112815	666	19
旗舰店	20231121112815	667	19
旗舰店	20231121112815	668	19
旗舰店	20231121112815	669	19
旗舰店	20231121112815	670	19
旗舰店	20231121112815	671	19
旗舰店	20231121112815	672	19
旗舰店	20231121112815	673	19
旗舰店	20231121112815	674	19
旗舰店	20231121112815	675	19
旗舰店	20231121112815	676	19
旗舰店	20231121112815	677	19
旗舰店	20231121112815	678	19
旗舰店	20231121112815	679	19
旗舰店	20231121112815	680	19
旗舰店	20231121112815	681	19
旗舰店	20231121112815	682	19
旗舰店	20231121112815	683	19
旗舰店	20231121112815	684	19
旗舰店	20231121112815	685	19
旗舰店	20231121112815	686	19
旗舰店	20231121112815	687	19
旗舰店	20231121112815	688	19
旗舰店	20231121112815	689	19
旗舰店	20231121112815	690	19
旗舰店	20231121112815	691	19
旗舰店	20231121112815	692	19
旗舰店	20231121112815	693	19
旗舰店	20231121112815	694	19
旗舰店	20231121112815	695	19
旗舰店	20231121112815	696	19
旗舰店	20231121112815	697	19
旗舰店	20231121112815	698	19
旗舰店	20231121112815	699	19
旗舰店	20231121112815	700	19
旗舰店	20231121112815	701	19
旗舰店	20231121112815	702	19
旗舰店	20231121112815	703	19
旗舰店	20231121112815	704	19
旗舰店	20231121112815	705	19
旗舰店	20231121112815	706	19
旗舰店	20231121112815	707	19
旗舰店	20231121112815	708	19
旗舰店	20231121112815	709	19
旗舰店	20231121112815	710	19
旗舰店	20231121112815	711	19
旗舰店	20231121112815	712	19
旗舰店	20231121112815	713	19
旗舰店	20231121112815	714	19
旗舰店	20231121112815	715	19
旗舰店	20231121112815	716	19
旗舰店	20231121112815	717	19
旗舰店	20231121112815	718	19
旗舰店	20231121112815	719	19
旗舰店	20231121112815	720	19
旗舰店	20231121112815	721	19
旗舰店	20231121112815	722	19
旗舰店	20231121112815	723	19
旗舰店	20231121112815	724	19
旗舰店	20231121112815	725	19
旗舰店	20231121112815	726	19
旗舰店	20231121112815	727	19
旗舰店	20231121112815	728	19
旗舰店	20231121112815	729	19
旗舰店	20231121112815	730	19
旗舰店	20231121112815	731	19
旗舰店	20231121112815	732	19
旗舰店	20231121112815	733	19
旗舰店	20231121112815	734	19
旗舰店	20231121112815	735	19
旗舰店	20231121112815	736	19
旗舰店	20231121112815	737	19
旗舰店	20231121112815	738	19
旗舰店	20231121112815	739	19
旗舰店	20231121112815	740	19
旗舰店	20231121112815	741	19
旗舰店	20231121112815	742	19
旗舰店	20231121112815	743	19
旗舰店	20231121112815	744	19
旗舰店	20231121112815	745	19
旗舰店	20231121112815	746	19
旗舰店	20231121112815	747	19
旗舰店	20231121112815	748	19
旗舰店	20231121112815	749	19
旗舰店	20231121112815	750	19
旗舰店	20231121112815	751	19
旗舰店	20231121112815	752	19
旗舰店	20231121112815	753	19
旗舰店	20231121112815	754	19
旗舰店	20231121112815	755	19
旗舰店	20231121112815	756	19
旗舰店	20231121112815	757	19
旗舰店	20231121112815	758	19
旗舰店	20231121112815	759	19
旗舰店	20231121112815	760	19
旗舰店	20231121112815	761	19
旗舰店	20231121112815	762	19
旗舰店	20231121112815	763	19
旗舰店	20231121112815	764	19
旗舰店	20231121112815	765	19
旗舰店	20231121112815	766	19
旗舰店	20231121112815	767	20
旗舰店	20231121112815	768	20
旗舰店	20231121112815	769	20
旗舰店	20231121112815	770	20
旗舰店	20231121112815	771	20
旗舰店	20231121112815	772	20
旗舰店	20231121112815	773	20
旗舰店	20231121112815	774	20
旗舰店	20231121112815	775	20
旗舰店	20231121112815	776	20
旗舰店	20231121112815	777	20
旗舰店	20231121112815	778	20
旗舰店	20231121112815	779	20
旗舰店	20231121112815	780	20
旗舰店	20231121112815	781	20
旗舰店	20231121112815	782	20
旗舰店	20231121112815	783	20
旗舰店	20231121112815	784	20
旗舰店	20231121112815	785	20
旗舰店	20231121112815	786	20
旗舰店	20231121112815	787	20
旗舰店	20231121112815	788	20
旗舰店	20231121112815	789	20
旗舰店	20231121112815	790	20
旗舰店	20231121112815	791	20
旗舰店	20231121112815	792	20
旗舰店	20231121112815	793	20
旗舰店	20231121112815	794	20
旗舰店	20231121112815	795	20
旗舰店	20231121112815	796	20
旗舰店	20231121112815	797	20
旗舰店	20231121112815	798	20
旗舰店	20231121112815	799	20
旗舰店	20231121112815	800	20
旗舰店	20231121112815	801	20
旗舰店	20231121112815	802	20
旗舰店	20231121112815	803	20
旗舰店	20231121112815	804	20
旗舰店	20231121112815	805	20
旗舰店	20231121112815	806	20
旗舰店	20231121112815	807	20
旗舰店	20231121112815	808	20
旗舰店	20231121112815	809	20
旗舰店	20231121112815	810	20
旗舰店	20231121112815	811	20
旗舰店	20231121112815	812	20
旗舰店	20231121112815	813	20
旗舰店	20231121112815	814	20
旗舰店	20231121112815	815	20
旗舰店	20231121112815	816	20
旗舰店	20231121112815	817	20
旗舰店	20231121112815	818	20
旗舰店	20231121112815	819	20
旗舰店	20231121112815	820	20
旗舰店	20231121112815	821	20
旗舰店	20231121112815	822	20
旗舰店	20231121112815	823	20
旗舰店	20231121112815	824	20
旗舰店	20231121112815	825	20
旗舰店	20231121112815	826	20
旗舰店	20231121112815	827	20
旗舰店	20231121112815	828	20
旗舰店	20231121112815	829	20
旗舰店	20231121112815	830	20
旗舰店	20231121112815	831	20
旗舰店	20231121112815	832	20
旗舰店	20231121112815	833	20
旗舰店	20231121112815	834	20
旗舰店	20231121112815	835	20
旗舰店	20231121112815	836	20
旗舰店	20231121112815	837	20
旗舰店	20231121112815	838	20
旗舰店	20231121112815	839	20
旗舰店	20231121112815	840	20
旗舰店	20231121112815	841	20
旗舰店	20231121112815	842	20
旗舰店	20231121112815	843	20
旗舰店	20231121112815	844	20
旗舰店	20231121112815	845	20
旗舰店	20231121112815	846	20
旗舰店	20231121112815	847	20
旗舰店	20231121112815	848	20
旗舰店	20231121112815	849	20
旗舰店	20231121112815	850	20
旗舰店	20231121112815	851	20
旗舰店	20231121112815	852	20
旗舰店	20231121112815	853	20
旗舰店	20231121112815	854	20
旗舰店	20231121112815	855	20
旗舰店	20231121112815	856	20
旗舰店	20231121112815	857	20
旗舰店	20231121112815	858	20
旗舰店	20231121112815	859	20
旗舰店	20231121112815	860	20
旗舰店	20231121112815	861	20
旗舰店	20231121112815	862	20
旗舰店	20231121112815	863	20
旗舰店	20231121112815	864	20
旗舰店	20231121112815	865	20
旗舰店	20231121112815	866	20
旗舰店	20231121112815	867	20
旗舰店	20231121112815	868	20
旗舰店	20231121112815	869	20
旗舰店	20231121112815	870	20
旗舰店	20231121112815	871	20
旗舰店	20231121112815	872	20
旗舰店	20231121112815	873	20
旗舰店	20231121112815	874	20
旗舰店	20231121112815	875	20
旗舰店	20231121112815	876	20
旗舰店	20231121112815	877	20
旗舰店	20231121112815	878	20
旗舰店	20231121112815	879	20
旗舰店	20231121112815	880	20
旗舰店	20231121112815	881	20
旗舰店	20231121112815	882	20
旗舰店	20231121112815	883	20
旗舰店	20231121112815	884	20
旗舰店	20231121112815	885	20
旗舰店	20231121112815	886	20
旗舰店	20231121112815	887	20
旗舰店	20231121112815	888	20
旗舰店	20231121112815	889	20
旗舰店	20231121112815	890	20
旗舰店	20231121112815	891	20
旗舰店	20231121112815	892	20
旗舰店	20231121112815	893	20
旗舰店	20231121112815	894	20
旗舰店	20231121112815	895	20
旗舰店	20231121112815	896	20
旗舰店	20231121112815	897	20
旗舰店	20231121112815	898	20
旗舰店	20231121112815	899	20
旗舰店	20231121112815	900	20
旗舰店	20231121112815	901	20
旗舰店	20231121112815	902	20
旗舰店	20231121112815	903	20
旗舰店	20231121112815	904	20
旗舰店	20231121112815	905	20
旗舰店	20231121112815	906	20
旗舰店	20231121112815	907	20
旗舰店	20231121112815	908	20
旗舰店	20231121112815	909	20
旗舰店	20231121112815	910	20
旗舰店	20231121112815	911	20
旗舰店	20231121112815	912	20
旗舰店	20231121112815	913	20
旗舰店	20231121112815	914	20
旗舰店	20231121112815	915	20
旗舰店	20231121112815	916	20
旗舰店	20231121112815	917	20
旗舰店	20231121112815	918	20
旗舰店	20231121112815	919	20
旗舰店	20231121112815	920	20
旗舰店	20231121112815	921	20
旗舰店	20231121112815	922	20
旗舰店	20231121112815	923	20
旗舰店	20231121112815	924	20
旗舰店	20231121112815	925	20
旗舰店	20231121112815	926	20
旗舰店	20231121112815	927	20
旗舰店	20231121112815	928	20
旗舰店	20231121112815	929	20
旗舰店	20231121112815	930	20
旗舰店	20231121112815	931	20
旗舰店	20231121112815	932	20
旗舰店	20231121112815	933	20
旗舰店	20231121112815	934	20
旗舰店	20231121112815	935	20
旗舰店	20231121112815	936	20
旗舰店	20231121112815	937	20
旗舰店	20231121112815	938	20
旗舰店	20231121112815	939	20
旗舰店	20231121112815	940	20
旗舰店	20231121112815	941	20
旗舰店	20231121112815	942	20
旗舰店	20231121112815	943	20
旗舰店	20231121112815	944	20
旗舰店	20231121112815	945	20
旗舰店	20231121112815	946	20
旗舰店	20231121112815	947	20
旗舰店	20231121112815	948	20
旗舰店	20231121112815	949	20
旗舰店	20231121112815	950	20
旗舰店	20231121112815	951	20
旗舰店	20231121112815	952	20
旗舰店	20231121112815	953	20
旗舰店	20231121112815	954	20
旗舰店	20231121112815	955	20
旗舰店	20231121112815	956	20
旗舰店	20231121112815	957	20
旗舰店	20231121112815	958	20
旗舰店	20231121112815	959	20
旗舰店	20231121112815	960	20
旗舰店	20231121112815	961	20
旗舰店	20231121112815	962	20
旗舰店	20231121112815	963	20
旗舰店	20231121112815	964	20
旗舰店	20231121112815	965	20
旗舰店	20231121112815	966	20
旗舰店	20231121112815	967	20
旗舰店	20231121112815	968	20
旗舰店	20231121112815	969	20
旗舰店	20231121112815	970	20
旗舰店	20231121112815	971	20
旗舰店	20231121112815	972	20
旗舰店	20231121112815	973	20
旗舰店	20231121112815	974	20
旗舰店	20231121112815	975	20
旗舰店	20231121112815	976	20
旗舰店	20231121112815	977	20
旗舰店	20231121112815	978	20
旗舰店	20231121112815	979	20
旗舰店	20231121112815	980	20
旗舰店	20231121112815	981	20
旗舰店	20231121112815	982	20
旗舰店	20231121112815	983	20
旗舰店	20231121112815	984	20
旗舰店	20231121112815	985	20
旗舰店	20231121112815	986	20
旗舰店	20231121112815	987	20
旗舰店	20231121112815	988	20
旗舰店	20231121112815	989	20
旗舰店	20231121112815	990	20
旗舰店	20231121112815	991	20
旗舰店	20231121112815	992	20
旗舰店	20231121112815	993	20
旗舰店	20231121112815	994	20
旗舰店	20231121112815	995	20
旗舰店	20231121112815	996	20
旗舰店	20231121112815	997	20
旗舰店	20231121112815	998	20
旗舰店	20231121112815	999	20
旗舰店	20231121112815	1000	20
旗舰店	20231121112815	1001	20
旗舰店	20231121112815	1002	20
旗舰店	20231121112815	1003	20
旗舰店	20231121112815	1004	20
旗舰店	20231121112815	1005	20
旗舰店	20231121112815	1006	20
旗舰店	20231121112815	1007	20
旗舰店	20231121112815	1008	20
旗舰店	20231121112815	1009	20
旗舰店	20231121112815	1010	20
旗舰店	20231121112815	1011	20
旗舰店	20231121112815	1012	20
旗舰店	20231121112815	1013	20
旗舰店	20231121112815	1014	20
旗舰店	20231121112815	1015	20
旗舰店	20231121112815	1016	20
旗舰店	20231121112815	1017	20
旗舰店	20231121112815	1018	20
旗舰店	20231121112815	1019	20
旗舰店	20231121112815	1020	20
旗舰店	20231121112815	1021	20
旗舰店	20231121112815	1022	20
旗舰店	20231121112815	1023	20
旗舰店	20231121112815	1024	20
旗舰店	20231121112815	1025	20
旗舰店	20231121112815	1026	20
旗舰店	20231121112815	1027	20
旗舰店	20231121112815	1028	20
旗舰店	20231121112815	1029	20
旗舰店	20231121112815	1030	20
旗舰店	20231121112815	1031	20
旗舰店	20231121112815	1032	20
旗舰店	20231121112815	1033	20
旗舰店	20231121112815	1034	20
旗舰店	20231121112815	1035	20
旗舰店	20231121112815	1036	20
旗舰店	20231121112815	1037	20
旗舰店	20231121112815	1038	20
旗舰店	20231121112815	1039	20
旗舰店	20231121112815	1040	20
旗舰店	20231121112815	1041	20
旗舰店	20231121112815	1042	20
旗舰店	20231121112815	1043	20
旗舰店	20231121112815	1044	20
旗舰店	20231121112815	1045	20
旗舰店	20231121112815	1046	20
旗舰店	20231121112815	1047	20
旗舰店	20231121112815	1048	20
旗舰店	20231121112815	1049	20
旗舰店	20231121112815	1050	20
旗舰店	20231121112815	1051	20
旗舰店	20231121112815	1052	20
旗舰店	20231121112815	1053	20
旗舰店	20231121112815	1054	20
旗舰店	20231121112815	1055	20
旗舰店	20231121112815	1056	20
旗舰店	20231121112815	1057	20
旗舰店	20231121112815	1058	20
旗舰店	20231121112815	1059	20
旗舰店	20231121112815	1060	20
旗舰店	20231121112815	1061	20
旗舰店	20231121112815	1062	20
旗舰店	20231121112815	1063	20
旗舰店	20231121112815	1064	20
旗舰店	20231121112815	1065	20
旗舰店	20231121112815	1066	20
旗舰店	20231121112815	1067	20
旗舰店	20231121112815	1068	20
旗舰店	20231121112815	1069	20
旗舰店	20231121112815	1070	20
旗舰店	20231121112815	1071	20
旗舰店	20231121112815	1072	20
旗舰店	20231121112815	1073	20
旗舰店	20231121112815	1074	20
旗舰店	20231121112815	1075	20
旗舰店	20231121112815	1076	20
旗舰店	20231121112815	1077	20
旗舰店	20231121112815	1078	20
旗舰店	20231121112815	1079	20
旗舰店	20231121112815	1080	20
旗舰店	20231121112815	1081	20
旗舰店	20231121112815	1082	20
旗舰店	20231121112815	1083	20
旗舰店	20231121112815	1084	20
旗舰店	20231121112815	1085	20
旗舰店	20231121112815	1086	20
旗舰店	20231121112815	1087	20
旗舰店	20231121112815	1088	20
旗舰店	20231121112815	1089	20
旗舰店	20231121112815	1090	20
旗舰店	20231121112815	1091	20
旗舰店	20231121112815	1092	20
旗舰店	20231121112815	1093	20
旗舰店	20231121112815	1094	20
旗舰店	20231121112815	1095	20
旗舰店	20231121112815	1096	20
旗舰店	20231121112815	1097	20
旗舰店	20231121112815	1098	20
旗舰店	20231121112815	1099	20
旗舰店	20231121112815	1100	20
旗舰店	20231121112815	1101	20
旗舰店	20231121112815	1102	20
旗舰店	20231121112815	1103	20
旗舰店	20231121112815	1104	20
旗舰店	20231121112815	1105	20
旗舰店	20231121112815	1106	20
旗舰店	20231121112815	1107	20
旗舰店	20231121112815	1108	20
旗舰店	20231121112815	1109	20
旗舰店	20231121112815	1110	20
旗舰店	20231121112815	1111	20
旗舰店	20231121112815	1112	20
旗舰店	20231121112815	1113	20
旗舰店	20231121112815	1114	20
旗舰店	20231121112815	1115	20
旗舰店	20231121112815	1116	20
旗舰店	20231121112815	1117	20
旗舰店	20231121112815	1118	20
旗舰店	20231121112815	1119	20
旗舰店	20231121112815	1120	20
旗舰店	20231121112815	1121	20
旗舰店	20231121112815	1122	20
旗舰店	20231121112815	1123	20
旗舰店	20231121112815	1124	20
旗舰店	20231121112815	1125	20
旗舰店	20231121112815	1126	20
旗舰店	20231121112815	1127	20
旗舰店	20231121112815	1128	20
旗舰店	20231121112815	1129	20
