旗舰店	020231121112235	0	11
旗舰店	20231121112235	0	11
旗舰店	20231121112235	1	11
旗舰店	20231121112235	2	11
旗舰店	20231121112235	3	11
旗舰店	20231121112235	4	11
旗舰店	20231121112235	5	11
旗舰店	20231121112235	6	11
旗舰店	20231121112235	7	11
旗舰店	20231121112235	8	11
旗舰店	20231121112235	9	11
旗舰店	20231121112235	10	11
旗舰店	20231121112235	11	11
旗舰店	20231121112235	12	11
旗舰店	20231121112235	13	11
旗舰店	20231121112235	14	11
旗舰店	20231121112235	15	11
旗舰店	20231121112235	16	11
旗舰店	20231121112235	17	11
旗舰店	20231121112235	18	11
旗舰店	20231121112235	19	11
旗舰店	20231121112235	20	11
旗舰店	20231121112235	21	11
旗舰店	20231121112235	22	11
旗舰店	20231121112235	23	11
旗舰店	20231121112235	24	11
旗舰店	20231121112235	25	11
旗舰店	20231121112235	26	11
旗舰店	20231121112235	27	11
旗舰店	20231121112235	28	11
旗舰店	20231121112235	29	11
旗舰店	20231121112235	30	11
旗舰店	20231121112235	31	11
旗舰店	20231121112235	32	11
旗舰店	20231121112235	33	11
旗舰店	20231121112235	34	11
旗舰店	20231121112235	35	11
旗舰店	20231121112235	36	11
旗舰店	20231121112235	37	11
旗舰店	20231121112235	38	11
旗舰店	20231121112235	39	11
旗舰店	20231121112235	40	12
旗舰店	20231121112235	41	12
旗舰店	20231121112235	42	12
旗舰店	20231121112235	43	12
旗舰店	20231121112235	44	12
旗舰店	20231121112235	45	12
旗舰店	20231121112235	46	12
旗舰店	20231121112235	47	12
旗舰店	20231121112235	48	12
旗舰店	20231121112235	49	12
旗舰店	20231121112235	50	12
旗舰店	20231121112235	51	12
旗舰店	20231121112235	52	12
旗舰店	20231121112235	53	12
旗舰店	20231121112235	54	12
旗舰店	20231121112235	55	12
旗舰店	20231121112235	56	13
旗舰店	20231121112235	57	13
旗舰店	20231121112235	58	13
旗舰店	20231121112235	59	13
旗舰店	20231121112235	60	13
旗舰店	20231121112235	61	13
旗舰店	20231121112235	62	13
旗舰店	20231121112235	63	13
旗舰店	20231121112235	64	13
旗舰店	20231121112235	65	13
旗舰店	20231121112235	66	13
旗舰店	20231121112235	67	13
旗舰店	20231121112235	68	13
旗舰店	20231121112235	69	13
旗舰店	20231121112235	70	13
旗舰店	20231121112235	71	13
旗舰店	20231121112235	72	13
旗舰店	20231121112235	73	13
旗舰店	20231121112235	74	13
旗舰店	20231121112235	75	13
旗舰店	20231121112235	76	13
旗舰店	20231121112235	77	13
旗舰店	20231121112235	78	13
