pdd店	1	20240108170657	0	0
pdd店	1	20240108170657	1	0
pdd店	1	20240108170657	2	0
pdd店	1	20240108170657	3	0
pdd店	1	20240108170657	4	0
pdd店	1	20240108170657	5	0
pdd店	1	20240108170657	6	0
pdd店	1	20240108170657	7	0
pdd店	1	20240108170657	8	0
pdd店	1	20240108170657	9	0
pdd店	1	20240108170657	10	0
pdd店	1	20240108170657	11	0
pdd店	1	20240108170657	12	0
pdd店	1	20240108170657	13	0
pdd店	1	20240108170657	14	0
pdd店	1	20240108170657	15	0
pdd店	1	20240108170657	16	0
pdd店	1	20240108170657	17	0
pdd店	1	20240108170657	18	0
pdd店	1	20240108170657	19	0
pdd店	1	20240108170657	20	0
pdd店	1	20240108170657	21	0
pdd店	1	20240108170657	22	0
pdd店	1	20240108170657	23	0
pdd店	1	20240108170657	24	1
pdd店	1	20240108170657	25	1
pdd店	1	20240108170657	26	1
pdd店	1	20240108170657	27	1
pdd店	1	20240108170657	28	1
pdd店	1	20240108170657	29	1
pdd店	1	20240108170657	30	1
pdd店	1	20240108170657	31	1
pdd店	1	20240108170657	32	1
pdd店	1	20240108170657	33	1
pdd店	1	20240108170657	34	1
pdd店	1	20240108170657	35	1
pdd店	1	20240108170657	36	1
pdd店	1	20240108170657	37	1
pdd店	1	20240108170657	38	1
pdd店	1	20240108170657	39	1
pdd店	1	20240108170657	40	1
pdd店	1	20240108170657	41	2
pdd店	1	20240108170657	42	2
pdd店	1	20240108170657	43	2
pdd店	1	20240108170657	44	2
pdd店	1	20240108170657	45	2
pdd店	1	20240108170657	46	2
pdd店	1	20240108170657	47	2
pdd店	1	20240108170657	48	2
pdd店	1	20240108170657	49	2
pdd店	1	20240108170657	50	2
pdd店	1	20240108170657	51	2
pdd店	1	20240108170657	52	2
pdd店	1	20240108170657	53	2
pdd店	1	20240108170657	54	2
pdd店	1	20240108170657	55	2
pdd店	1	20240108170657	56	2
pdd店	1	20240108170657	57	2
pdd店	1	20240108170657	58	2
pdd店	1	20240108170657	59	3
pdd店	1	20240108170657	60	3
pdd店	1	20240108170657	61	3
pdd店	1	20240108170657	62	3
pdd店	1	20240108170657	63	3
pdd店	1	20240108170657	64	3
pdd店	1	20240108170657	65	3
pdd店	1	20240108170657	66	3
pdd店	1	20240108170657	67	3
pdd店	1	20240108170657	68	3
pdd店	1	20240108170657	69	3
pdd店	1	20240108170657	70	3
pdd店	1	20240108170657	71	3
pdd店	1	20240108170657	72	3
pdd店	1	20240108170657	73	3
pdd店	1	20240108170657	74	3
pdd店	1	20240108171128	0	3
pdd店	1	20240108171128	1	3
pdd店	1	20240108171128	2	3
pdd店	1	20240108171128	3	3
pdd店	1	20240108171128	4	3
pdd店	1	20240108171128	5	3
pdd店	1	20240108171128	6	3
pdd店	1	20240108171128	7	3
pdd店	1	20240108171128	8	3
pdd店	1	20240108171128	9	3
pdd店	1	20240108171128	10	3
pdd店	1	20240108171128	11	3
pdd店	1	20240108171128	12	3
pdd店	1	20240108171128	13	3
pdd店	1	20240108171128	14	3
pdd店	1	20240108171128	15	3
pdd店	1	20240108171128	16	3
pdd店	1	20240108171128	17	3
pdd店	1	20240108171128	18	3
pdd店	1	20240108171128	19	3
pdd店	1	20240108171128	20	3
pdd店	1	20240108171128	21	3
pdd店	1	20240108171128	22	3
pdd店	1	20240108171128	23	3
pdd店	1	20240108171128	24	3
pdd店	1	20240108171128	25	3
pdd店	1	20240108171128	26	3
pdd店	1	20240108171128	27	3
pdd店	1	20240108171128	28	3
pdd店	1	20240108171128	29	3
pdd店	1	20240108171128	30	3
pdd店	1	20240108171128	31	3
pdd店	1	20240108171128	32	3
pdd店	1	20240108171128	33	3
pdd店	1	20240108171128	34	3
pdd店	1	20240108171128	35	3
pdd店	1	20240108171128	36	3
pdd店	1	20240108171128	37	3
pdd店	1	20240108171128	38	3
pdd店	1	20240108171128	39	3
pdd店	1	20240108171128	40	3
pdd店	1	20240108171128	41	3
pdd店	1	20240108171128	42	3
pdd店	1	20240108171128	43	3
pdd店	1	20240108171128	44	3
pdd店	1	20240108171128	45	3
pdd店	1	20240108171128	46	3
pdd店	1	20240108171128	47	3
pdd店	1	20240108171128	48	3
pdd店	1	20240108171128	49	3
pdd店	1	20240108171128	50	3
pdd店	1	20240108171128	51	3
pdd店	1	20240108171128	52	3
pdd店	1	20240108171128	53	3
pdd店	1	20240108171128	54	3
pdd店	1	20240108171128	55	3
pdd店	1	20240108171128	56	3
pdd店	1	20240108171128	57	3
pdd店	1	20240108171128	58	3
pdd店	1	20240108171128	59	3
pdd店	1	20240108171128	60	3
pdd店	1	20240108171128	61	3
pdd店	1	20240108171128	62	3
pdd店	1	20240108171128	63	3
pdd店	1	20240108171128	64	3
pdd店	1	20240108171128	65	3
pdd店	1	20240108171128	66	3
pdd店	1	20240108171128	67	3
pdd店	1	20240108171128	68	3
pdd店	1	20240108171128	69	3
pdd店	1	20240108171128	70	3
pdd店	1	20240108171128	71	3
pdd店	1	20240108171128	72	3
pdd店	1	20240108171128	73	3
pdd店	1	20240108171128	74	3
pdd店	1	20240108171128	75	3
pdd店	1	20240108171128	76	3
pdd店	1	20240108171128	77	3
pdd店	1	20240108171128	78	3
pdd店	1	20240108171128	79	3
pdd店	1	20240108171128	80	3
pdd店	1	20240108171128	81	3
pdd店	1	20240108171128	82	3
pdd店	1	20240108171128	83	3
pdd店	1	20240108171128	84	3
pdd店	1	20240108171128	85	3
pdd店	1	20240108171128	86	3
pdd店	1	20240108171128	87	3
pdd店	1	20240108171128	88	3
pdd店	1	20240108171128	89	3
pdd店	1	20240108171128	90	3
pdd店	1	20240108171128	91	3
pdd店	1	20240108171128	92	3
pdd店	1	20240108171128	93	3
pdd店	1	20240108171128	94	3
pdd店	1	20240108171128	95	3
pdd店	1	20240108171128	96	3
pdd店	1	20240108171128	97	3
pdd店	1	20240108171128	98	3
pdd店	1	20240108171128	99	3
pdd店	1	20240108171128	100	3
pdd店	1	20240108171128	101	3
pdd店	1	20240108171128	102	3
pdd店	1	20240108171128	103	3
pdd店	1	20240108171128	104	3
pdd店	1	20240108171128	105	3
pdd店	1	20240108171128	106	3
pdd店	1	20240108171128	107	3
pdd店	1	20240108171128	108	3
pdd店	1	20240108171128	109	3
pdd店	1	20240108171128	110	3
pdd店	1	20240108171128	111	3
pdd店	1	20240108171128	112	3
pdd店	1	20240108171128	113	3
pdd店	1	20240108171128	114	3
pdd店	1	20240108171128	115	3
pdd店	1	20240108171128	116	3
pdd店	1	20240108171128	117	3
pdd店	1	20240108171128	118	3
pdd店	1	20240108171128	119	3
pdd店	1	20240108171128	120	3
pdd店	1	20240108171128	121	3
pdd店	1	20240108171128	122	3
pdd店	1	20240108171128	123	3
pdd店	1	20240108171128	124	3
pdd店	1	20240108171128	125	3
pdd店	1	20240108171128	126	3
pdd店	1	20240108171128	127	3
pdd店	1	20240108171128	128	3
pdd店	1	20240108171128	129	3
pdd店	1	20240108171128	130	3
pdd店	1	20240108171128	131	3
pdd店	1	20240108171128	132	3
pdd店	1	20240108171128	133	3
pdd店	1	20240108171128	134	3
pdd店	1	20240108171128	135	3
pdd店	1	20240108171128	136	3
pdd店	1	20240108171128	137	3
pdd店	1	20240108171128	138	3
pdd店	1	20240108171128	139	3
pdd店	1	20240108171128	140	3
pdd店	1	20240108171128	141	3
pdd店	1	20240108171128	142	3
pdd店	1	20240108171128	143	3
pdd店	1	20240108171128	144	3
pdd店	1	20240108171128	145	3
pdd店	1	20240108171128	146	4
pdd店	1	20240108171128	147	4
pdd店	1	20240108171128	148	4
pdd店	1	20240108171128	149	4
pdd店	1	20240108171128	150	4
pdd店	1	20240108171128	151	4
pdd店	1	20240108171128	152	4
pdd店	1	20240108171128	153	4
pdd店	1	20240108171128	154	4
pdd店	1	20240108171128	155	4
pdd店	1	20240108171128	156	4
pdd店	1	20240108171128	157	4
pdd店	1	20240108171128	158	4
pdd店	1	20240108171128	159	4
pdd店	1	20240108171128	160	4
pdd店	1	20240108171128	161	4
pdd店	1	20240108171128	162	4
pdd店	1	20240108171128	163	4
pdd店	1	20240108171128	164	4
pdd店	1	20240108171128	165	4
pdd店	1	20240108171128	166	4
pdd店	1	20240108171128	167	4
pdd店	1	20240108171128	168	4
pdd店	1	20240108172819	0	4
pdd店	1	20240108172819	1	4
pdd店	1	20240108172819	2	4
pdd店	1	20240108172819	3	4
pdd店	1	20240108172819	4	4
pdd店	1	20240108172819	5	4
pdd店	1	20240108172819	6	4
pdd店	1	20240108172819	7	4
pdd店	1	20240108172819	8	4
pdd店	1	20240108172819	9	4
pdd店	1	20240108172819	10	4
pdd店	1	20240108172819	11	4
pdd店	1	20240108172819	12	4
pdd店	1	20240108172819	13	4
pdd店	1	20240108172819	14	4
pdd店	1	20240108172819	15	4
pdd店	1	20240108172819	16	4
pdd店	1	20240108172819	17	4
pdd店	1	20240108172819	18	4
pdd店	1	20240108172819	19	4
pdd店	1	20240108172819	20	4
pdd店	1	20240108172819	21	4
pdd店	1	20240108172819	22	4
pdd店	1	20240108172819	23	4
pdd店	1	20240108172819	24	4
pdd店	1	20240108172819	25	4
pdd店	1	20240108172819	26	4
pdd店	1	20240108172819	27	4
pdd店	1	20240108172819	28	4
pdd店	1	20240108172819	29	5
pdd店	1	20240108172819	30	5
pdd店	1	20240108172819	31	5
pdd店	1	20240108172819	32	5
pdd店	1	20240108172819	33	5
pdd店	1	20240108172819	34	5
pdd店	1	20240108172819	35	5
pdd店	1	20240108172819	36	5
pdd店	1	20240108172819	37	5
pdd店	1	20240108172819	38	5
pdd店	1	20240108172819	39	5
pdd店	1	20240108172819	40	5
pdd店	1	20240108172819	41	5
pdd店	1	20240108172819	42	5
pdd店	1	20240108172819	43	5
pdd店	1	20240108172819	44	5
pdd店	1	20240108172819	45	5
pdd店	1	20240108172819	46	5
pdd店	1	20240108172819	47	5
pdd店	1	20240108172819	48	5
pdd店	1	20240108172819	49	5
pdd店	1	20240108172819	50	5
pdd店	1	20240108172819	51	5
pdd店	1	20240108172819	52	5
pdd店	1	20240108172819	53	5
pdd店	1	20240108172819	54	5
pdd店	1	20240108172819	55	5
pdd店	1	20240108172819	56	5
pdd店	1	20240108172819	57	6
pdd店	1	20240108172819	58	6
pdd店	1	20240108172819	59	6
pdd店	1	20240108172819	60	6
pdd店	1	20240108172819	61	6
pdd店	1	20240108172819	62	6
pdd店	1	20240108172819	63	6
pdd店	1	20240108172819	64	6
pdd店	1	20240108172819	65	6
pdd店	1	20240108172819	66	6
pdd店	1	20240108172819	67	6
pdd店	1	20240108172819	68	6
pdd店	1	20240108172819	69	6
pdd店	1	20240108172819	70	6
pdd店	1	20240108172819	71	6
pdd店	1	20240108172819	72	6
pdd店	1	20240108172819	73	6
pdd店	1	20240108172819	74	6
pdd店	1	20240108172819	75	6
pdd店	1	20240108172819	76	6
pdd店	1	20240108172819	77	6
pdd店	1	20240108172819	78	6
pdd店	1	20240108172819	79	6
pdd店	1	20240108172819	80	6
pdd店	1	20240108172819	81	6
pdd店	1	20240108172819	82	6
pdd店	1	20240108172819	83	6
pdd店	1	20240108172819	84	6
pdd店	1	20240108172819	85	6
pdd店	1	20240108172819	86	6
pdd店	1	20240108172819	87	6
pdd店	1	20240108172819	88	6
pdd店	1	20240108172819	89	6
pdd店	1	20240108172819	90	6
pdd店	1	20240108172819	91	6
pdd店	1	20240108172819	92	6
pdd店	1	20240108172819	93	6
pdd店	1	20240108172819	94	6
pdd店	1	20240108172819	95	6
pdd店	1	20240108172819	96	6
pdd店	1	20240108172819	97	6
pdd店	1	20240108172819	98	6
pdd店	1	20240108172819	99	6
pdd店	1	20240108172819	100	6
pdd店	1	20240108172819	101	6
pdd店	1	20240108172819	102	6
pdd店	1	20240108172819	103	6
pdd店	1	20240108172819	104	6
pdd店	1	20240108172819	105	6
pdd店	1	20240108172819	106	6
pdd店	1	20240108172819	107	6
pdd店	1	20240108172819	108	6
pdd店	1	20240108172819	109	6
pdd店	1	20240108172819	110	6
pdd店	1	20240108172819	111	6
pdd店	1	20240108172819	112	6
pdd店	1	20240108172819	113	6
pdd店	1	20240108172819	114	6
pdd店	1	20240108172819	115	6
pdd店	1	20240108172819	116	6
pdd店	1	20240108172819	117	6
pdd店	1	20240108172819	118	6
pdd店	1	20240108172819	119	6
pdd店	1	20240108172819	120	6
pdd店	1	20240108172819	121	6
pdd店	1	20240108172819	122	6
pdd店	1	20240108172819	123	6
pdd店	1	20240108172819	124	6
pdd店	1	20240108172819	125	6
pdd店	1	20240108172819	126	6
pdd店	1	20240108172819	127	6
pdd店	1	20240108172819	128	6
pdd店	1	20240108172819	129	6
pdd店	1	20240108172819	130	6
pdd店	1	20240108172819	131	6
pdd店	1	20240108172819	132	6
pdd店	1	20240108172819	133	6
pdd店	1	20240108172819	134	6
pdd店	1	20240108172819	135	6
pdd店	1	20240108172819	136	6
pdd店	1	20240108172819	137	6
pdd店	1	20240108172819	138	6
pdd店	1	20240108172819	139	6
pdd店	1	20240108172819	140	6
pdd店	1	20240108172819	141	6
pdd店	1	20240108172819	142	6
pdd店	1	20240108172819	143	7
pdd店	1	20240108172819	144	7
pdd店	1	20240108172819	145	7
pdd店	1	20240108172819	146	7
pdd店	1	20240108172819	147	7
pdd店	1	20240108172819	148	7
pdd店	1	20240108172819	149	7
pdd店	1	20240108172819	150	7
pdd店	1	20240108172819	151	7
pdd店	1	20240108172819	152	7
pdd店	1	20240108172819	153	7
pdd店	1	20240108172819	154	7
pdd店	1	20240108172819	155	7
pdd店	1	20240108172819	156	7
pdd店	1	20240108172819	157	7
pdd店	1	20240108172819	158	8
pdd店	1	20240108172819	159	8
pdd店	1	20240108172819	160	8
pdd店	1	20240108172819	161	8
pdd店	1	20240108172819	162	8
pdd店	1	20240108172819	163	8
pdd店	1	20240108172819	164	8
pdd店	1	20240108172819	165	8
pdd店	1	20240108172819	166	8
pdd店	1	20240108172819	167	8
pdd店	1	20240108172819	168	8
pdd店	1	20240108172819	169	8
pdd店	1	20240108172819	170	8
pdd店	1	20240108172819	171	8
pdd店	1	20240108172819	172	8
pdd店	1	20240108172819	173	8
pdd店	1	20240108172819	174	8
pdd店	1	20240108172819	175	8
pdd店	1	20240108172819	176	8
pdd店	1	20240108172819	177	8
pdd店	1	20240108172819	178	8
pdd店	1	20240108172819	179	8
pdd店	1	20240108172819	180	8
pdd店	1	20240108172819	181	9
pdd店	1	20240108172819	182	9
pdd店	1	20240108172819	183	9
pdd店	1	20240108172819	184	9
pdd店	1	20240108172819	185	9
pdd店	1	20240108172819	186	9
pdd店	1	20240108172819	187	9
pdd店	1	20240108172819	188	9
pdd店	1	20240108172819	189	9
pdd店	1	20240108172819	190	9
pdd店	1	20240108172819	191	9
pdd店	1	20240108172819	192	9
pdd店	1	20240108172819	193	9
pdd店	1	20240108172819	194	9
pdd店	1	20240108172819	195	9
pdd店	1	20240108172819	196	9
pdd店	1	20240108172819	197	9
pdd店	1	20240108172819	198	9
pdd店	1	20240108172819	199	9
pdd店	1	20240108172819	200	9
pdd店	1	20240108172819	201	9
pdd店	1	20240108172819	202	9
pdd店	1	20240108172819	203	9
pdd店	1	20240108172819	204	9
pdd店	1	20240108172819	205	9
pdd店	1	20240108172819	206	9
pdd店	1	20240108172819	207	9
pdd店	1	20240108172819	208	9
pdd店	1	20240108172819	209	9
pdd店	1	20240108172819	210	9
pdd店	1	20240108172819	211	9
pdd店	1	20240108172819	212	9
pdd店	1	20240108172819	213	9
pdd店	1	20240108172819	214	9
pdd店	1	20240108172819	215	9
pdd店	1	20240108172819	216	9
pdd店	1	20240108172819	217	9
pdd店	1	20240108172819	218	9
pdd店	1	20240108172819	219	9
pdd店	1	20240108172819	220	9
pdd店	1	20240108172819	221	9
pdd店	1	20240108172819	222	9
pdd店	1	20240108172819	223	9
pdd店	1	20240108172819	224	9
pdd店	1	20240108172819	225	9
pdd店	1	20240108172819	226	9
pdd店	1	20240108172819	227	9
pdd店	1	20240108172819	228	9
pdd店	1	20240108172819	229	9
pdd店	1	20240108172819	230	9
pdd店	1	20240108172819	231	9
pdd店	1	20240108172819	232	9
pdd店	1	20240108172819	233	9
pdd店	1	20240108172819	234	9
pdd店	1	20240108172819	235	9
pdd店	1	20240108172819	236	9
pdd店	1	20240108172819	237	9
pdd店	1	20240108172819	238	9
pdd店	1	20240108172819	239	9
pdd店	1	20240108172819	240	9
pdd店	1	20240108172819	241	9
pdd店	1	20240108172819	242	9
pdd店	1	20240108172819	243	9
pdd店	1	20240108172819	244	9
pdd店	1	20240108172819	245	9
pdd店	1	20240108172819	246	9
pdd店	1	20240108172819	247	9
pdd店	1	20240108172819	248	9
pdd店	1	20240108172819	249	9
pdd店	1	20240108172819	250	9
pdd店	1	20240108172819	251	9
pdd店	1	20240108172819	252	9
pdd店	1	20240108172819	253	9
pdd店	1	20240108172819	254	9
pdd店	1	20240108172819	255	9
pdd店	1	20240108172819	256	9
pdd店	1	20240108172819	257	9
pdd店	1	20240108172819	258	9
pdd店	1	20240108172819	259	9
pdd店	1	20240108172819	260	9
pdd店	1	20240108172819	261	9
pdd店	1	20240108172819	262	9
pdd店	1	20240108172819	263	9
pdd店	1	20240108172819	264	9
pdd店	1	20240108172819	265	9
pdd店	1	20240108172819	266	9
pdd店	1	20240108172819	267	9
pdd店	1	20240108172819	268	9
pdd店	1	20240108172819	269	9
pdd店	1	20240108172819	270	9
pdd店	1	20240108172819	271	9
pdd店	1	20240108172819	272	9
pdd店	1	20240108172819	273	9
pdd店	1	20240108172819	274	9
pdd店	1	20240108172819	275	9
pdd店	1	20240108172819	276	9
pdd店	1	20240108172819	277	9
pdd店	1	20240108172819	278	9
pdd店	1	20240108172819	279	9
pdd店	1	20240108172819	280	9
pdd店	1	20240108172819	281	9
pdd店	1	20240108172819	282	9
pdd店	1	20240108172819	283	9
pdd店	1	20240108172819	284	9
pdd店	1	20240108172819	285	9
pdd店	1	20240108172819	286	9
pdd店	1	20240108172819	287	9
pdd店	1	20240108172819	288	9
pdd店	1	20240108172819	289	9
pdd店	1	20240108172819	290	9
pdd店	1	20240108172819	291	9
pdd店	1	20240108172819	292	9
pdd店	1	20240108172819	293	9
pdd店	1	20240108172819	294	10
pdd店	1	20240108172819	295	10
pdd店	1	20240108172819	296	10
pdd店	1	20240108172819	297	10
pdd店	1	20240108172819	298	10
pdd店	1	20240108172819	299	10
pdd店	1	20240108172819	300	10
pdd店	1	20240108172819	301	10
pdd店	1	20240108172819	302	10
pdd店	1	20240108172819	303	10
pdd店	1	20240108172819	304	10
pdd店	1	20240108172819	305	10
pdd店	1	20240108172819	306	10
pdd店	1	20240108172819	307	10
pdd店	1	20240108172819	308	10
pdd店	1	20240108172819	309	10
pdd店	1	20240108172819	310	10
pdd店	1	20240108172819	311	10
pdd店	1	20240108172819	312	10
pdd店	1	20240108172819	313	10
pdd店	1	20240108172819	314	10
pdd店	1	20240108172819	315	10
pdd店	1	20240108172819	316	10
pdd店	1	20240108172819	317	10
pdd店	1	20240108172819	318	10
pdd店	1	20240108172819	319	10
pdd店	1	20240108172819	320	10
pdd店	1	20240108172819	321	10
pdd店	1	20240108172819	322	10
pdd店	1	20240108172819	323	10
pdd店	1	20240108172819	324	10
pdd店	1	20240108172819	325	10
pdd店	1	20240108172819	326	10
pdd店	1	20240108172819	327	10
pdd店	1	20240108172819	328	10
pdd店	1	20240108172819	329	10
pdd店	1	20240108172819	330	10
pdd店	1	20240108172819	331	10
pdd店	1	20240108172819	332	10
pdd店	1	20240108172819	333	10
pdd店	1	20240108172819	334	10
pdd店	1	20240108172819	335	10
pdd店	1	20240108172819	336	10
pdd店	1	20240108172819	337	10
pdd店	1	20240108172819	338	10
pdd店	1	20240108172819	339	10
pdd店	1	20240108172819	340	10
pdd店	1	20240108172819	341	10
pdd店	1	20240108172819	342	10
pdd店	1	20240108172819	343	10
pdd店	1	20240108172819	344	10
pdd店	1	20240108172819	345	10
pdd店	1	20240108172819	346	10
pdd店	1	20240108172819	347	10
pdd店	1	20240108172819	348	10
pdd店	1	20240108172819	349	10
pdd店	1	20240108172819	350	10
pdd店	1	20240108172819	351	10
pdd店	1	20240108172819	352	10
pdd店	1	20240108172819	353	10
pdd店	1	20240108172819	354	10
pdd店	1	20240108172819	355	10
pdd店	1	20240108172819	356	10
pdd店	1	20240108172819	357	10
pdd店	1	20240108172819	358	10
pdd店	1	20240108172819	359	10
pdd店	1	20240108172819	360	10
pdd店	1	20240108172819	361	10
pdd店	1	20240108172819	362	10
pdd店	1	20240108172819	363	10
pdd店	1	20240108172819	364	10
pdd店	1	20240108172819	365	10
pdd店	1	20240108172819	366	10
pdd店	1	20240108172819	367	10
pdd店	1	20240108172819	368	10
pdd店	1	20240108172819	369	10
pdd店	1	20240108172819	370	10
pdd店	1	20240108172819	371	10
pdd店	1	20240108172819	372	10
pdd店	1	20240108172819	373	10
pdd店	1	20240108172819	374	10
pdd店	1	20240108172819	375	10
pdd店	1	20240108172819	376	10
pdd店	1	20240108172819	377	10
pdd店	1	20240108172819	378	10
pdd店	1	20240108172819	379	10
pdd店	1	20240108172819	380	10
pdd店	1	20240108172819	381	10
pdd店	1	20240108172819	382	10
pdd店	1	20240108172819	383	10
pdd店	1	20240108172819	384	10
pdd店	1	20240108172819	385	11
pdd店	1	20240108172819	386	11
pdd店	1	20240108172819	387	11
pdd店	1	20240108172819	388	11
pdd店	1	20240108172819	389	11
pdd店	1	20240108172819	390	11
pdd店	1	20240108172819	391	12
pdd店	1	20240108172819	392	12
pdd店	1	20240108172819	393	12
pdd店	1	20240108172819	394	12
pdd店	1	20240108172819	395	12
pdd店	1	20240108172819	396	12
pdd店	1	20240108172819	397	12
pdd店	1	20240108172819	398	12
pdd店	1	20240108172819	399	12
pdd店	1	20240108172819	400	12
pdd店	1	20240108172819	401	12
pdd店	1	20240108172819	402	12
pdd店	1	20240108172819	403	12
pdd店	1	20240108172819	404	12
pdd店	1	20240108172819	405	12
pdd店	1	20240108172819	406	12
pdd店	1	20240108172819	407	12
pdd店	1	20240108172819	408	12
pdd店	1	20240108172819	409	12
pdd店	1	20240108172819	410	12
pdd店	1	20240108172819	411	12
pdd店	1	20240108172819	412	12
pdd店	1	20240108172819	413	12
pdd店	1	20240108172819	414	12
pdd店	1	20240108172819	415	12
pdd店	1	20240108172819	416	12
pdd店	1	20240108172819	417	12
pdd店	1	20240108172819	418	12
pdd店	1	20240108172819	419	12
pdd店	1	20240108172819	420	12
pdd店	1	20240108172819	421	12
pdd店	1	20240108172819	422	12
pdd店	1	20240108172819	423	12
pdd店	1	20240108172819	424	12
pdd店	1	20240108172819	425	12
pdd店	1	20240108172819	426	12
pdd店	1	20240108172819	427	12
pdd店	1	20240108172819	428	12
pdd店	1	20240108172819	429	12
pdd店	1	20240108172819	430	12
pdd店	1	20240108172819	431	12
pdd店	1	20240108172819	432	12
pdd店	1	20240108172819	433	12
pdd店	1	20240108172819	434	12
pdd店	1	20240108172819	435	12
pdd店	1	20240108172819	436	12
pdd店	1	20240108172819	437	12
pdd店	1	20240108172819	438	12
pdd店	1	20240108172819	439	12
pdd店	1	20240108172819	440	12
pdd店	1	20240108172819	441	12
pdd店	1	20240108172819	442	12
pdd店	1	20240108172819	443	12
pdd店	1	20240108172819	444	12
pdd店	1	20240108172819	445	12
pdd店	1	20240108172819	446	12
pdd店	1	20240108172819	447	12
pdd店	1	20240108172819	448	12
pdd店	1	20240108172819	449	12
pdd店	1	20240108172819	450	12
pdd店	1	20240108172819	451	12
pdd店	1	20240108172819	452	12
pdd店	1	20240108172819	453	12
pdd店	1	20240108172819	454	12
pdd店	1	20240108172819	455	12
pdd店	1	20240108172819	456	12
pdd店	1	20240108172819	457	12
pdd店	1	20240108172819	458	12
pdd店	1	20240108172819	459	12
pdd店	1	20240108172819	460	12
pdd店	1	20240108172819	461	12
pdd店	1	20240108172819	462	12
pdd店	1	20240108172819	463	12
pdd店	1	20240108172819	464	12
pdd店	1	20240108172819	465	12
pdd店	1	20240108172819	466	12
pdd店	1	20240108172819	467	12
pdd店	1	20240108172819	468	12
pdd店	1	20240108172819	469	12
pdd店	1	20240108172819	470	12
pdd店	1	20240108172819	471	12
pdd店	1	20240108172819	472	12
pdd店	1	20240108172819	473	12
pdd店	1	20240108172819	474	12
pdd店	1	20240108172819	475	12
pdd店	1	20240108172819	476	12
pdd店	1	20240108172819	477	12
pdd店	1	20240108172819	478	12
pdd店	1	20240108172819	479	12
pdd店	1	20240108172819	480	12
pdd店	1	20240108172819	481	12
pdd店	1	20240108172819	482	12
pdd店	1	20240108172819	483	12
pdd店	1	20240108172819	484	12
pdd店	1	20240108172819	485	12
pdd店	1	20240108172819	486	12
pdd店	1	20240108172819	487	12
pdd店	1	20240108172819	488	12
pdd店	1	20240108172819	489	12
pdd店	1	20240108172819	490	12
pdd店	1	20240108172819	491	12
pdd店	1	20240108172819	492	12
pdd店	1	20240108172819	493	12
pdd店	1	20240108172819	494	12
pdd店	1	20240108172819	495	12
pdd店	1	20240108172819	496	12
pdd店	1	20240108172819	497	12
pdd店	1	20240108172819	498	12
pdd店	1	20240108172819	499	12
pdd店	1	20240108172819	500	12
pdd店	1	20240108172819	501	12
pdd店	1	20240108172819	502	12
pdd店	1	20240108172819	503	12
pdd店	1	20240108172819	504	12
pdd店	1	20240108172819	505	12
pdd店	1	20240108172819	506	12
pdd店	1	20240108172819	507	12
pdd店	1	20240108172819	508	12
pdd店	1	20240108172819	509	12
pdd店	1	20240108172819	510	12
pdd店	1	20240108172819	511	12
pdd店	1	20240108172819	512	12
pdd店	1	20240108172819	513	12
pdd店	1	20240108172819	514	12
pdd店	1	20240108172819	515	12
pdd店	1	20240108172819	516	12
pdd店	1	20240108172819	517	12
pdd店	1	20240108172819	518	12
pdd店	1	20240108172819	519	12
pdd店	1	20240108172819	520	12
pdd店	1	20240108172819	521	12
pdd店	1	20240108172819	522	12
pdd店	1	20240108172819	523	12
pdd店	1	20240108172819	524	12
pdd店	1	20240108172819	525	12
pdd店	1	20240108172819	526	12
pdd店	1	20240108172819	527	12
pdd店	1	20240108172819	528	12
pdd店	1	20240108172819	529	12
pdd店	1	20240108172819	530	12
pdd店	1	20240108172819	531	12
pdd店	1	20240108172819	532	12
pdd店	1	20240108172819	533	12
pdd店	1	20240108172819	534	12
pdd店	1	20240108172819	535	12
pdd店	1	20240108172819	536	12
pdd店	1	20240108172819	537	12
pdd店	1	20240108172819	538	12
pdd店	1	20240108172819	539	12
pdd店	1	20240108172819	540	12
pdd店	1	20240108172819	541	12
pdd店	1	20240108172819	542	12
pdd店	1	20240108172819	543	12
pdd店	1	20240108172819	544	12
pdd店	1	20240108172819	545	12
pdd店	1	20240108172819	546	12
pdd店	1	20240108172819	547	12
pdd店	1	20240108172819	548	12
pdd店	1	20240108172819	549	12
pdd店	1	20240108172819	550	12
pdd店	1	20240108172819	551	12
pdd店	1	20240108172819	552	12
pdd店	1	20240108172819	553	12
pdd店	1	20240108172819	554	12
pdd店	1	20240108172819	555	12
pdd店	1	20240108172819	556	12
pdd店	1	20240108172819	557	12
pdd店	1	20240108172819	558	12
pdd店	1	20240108172819	559	12
pdd店	1	20240108172819	560	12
pdd店	1	20240108172819	561	12
pdd店	1	20240108172819	562	12
pdd店	1	20240108172819	563	12
pdd店	1	20240108172819	564	12
pdd店	1	20240108172819	565	12
pdd店	1	20240108172819	566	12
pdd店	1	20240108172819	567	12
pdd店	1	20240108172819	568	12
pdd店	1	20240108172819	569	12
pdd店	1	20240108172819	570	12
pdd店	1	20240108172819	571	12
pdd店	1	20240108172819	572	12
pdd店	1	20240108172819	573	12
pdd店	1	20240108172819	574	12
pdd店	1	20240108172819	575	12
pdd店	1	20240108172819	576	12
pdd店	1	20240108172819	577	12
pdd店	1	20240108172819	578	12
pdd店	1	20240108172819	579	12
pdd店	1	20240108172819	580	12
pdd店	1	20240108172819	581	12
pdd店	1	20240108172819	582	12
pdd店	1	20240108172819	583	12
pdd店	1	20240108172819	584	12
pdd店	1	20240108172819	585	12
pdd店	1	20240108172819	586	12
pdd店	1	20240108172819	587	12
pdd店	1	20240108172819	588	12
pdd店	1	20240108172819	589	12
pdd店	1	20240108172819	590	12
pdd店	1	20240108172819	591	12
pdd店	1	20240108172819	592	12
pdd店	1	20240108172819	593	12
pdd店	1	20240108172819	594	12
pdd店	1	20240108172819	595	12
pdd店	1	20240108172819	596	12
pdd店	1	20240108172819	597	12
pdd店	1	20240108172819	598	12
pdd店	1	20240108172819	599	12
pdd店	1	20240108172819	600	12
pdd店	1	20240108172819	601	12
pdd店	1	20240108172819	602	12
pdd店	1	20240108172819	603	12
pdd店	1	20240108172819	604	12
pdd店	1	20240108172819	605	12
pdd店	1	20240108172819	606	12
pdd店	1	20240108172819	607	12
pdd店	1	20240108172819	608	12
pdd店	1	20240108172819	609	12
pdd店	1	20240108172819	610	12
pdd店	1	20240108172819	611	12
pdd店	1	20240108172819	612	12
pdd店	1	20240108172819	613	12
pdd店	1	20240108172819	614	12
pdd店	1	20240108172819	615	12
pdd店	1	20240108172819	616	12
pdd店	1	20240108172819	617	12
pdd店	1	20240108172819	618	12
pdd店	1	20240108172819	619	12
pdd店	1	20240108172819	620	12
pdd店	1	20240108172819	621	12
pdd店	1	20240108172819	622	12
pdd店	1	20240108172819	623	12
pdd店	1	20240108172819	624	12
pdd店	1	20240108172819	625	12
pdd店	1	20240108172819	626	12
pdd店	1	20240108172819	627	12
pdd店	1	20240108172819	628	12
pdd店	1	20240108172819	629	12
pdd店	1	20240108172819	630	12
pdd店	1	20240108172819	631	12
pdd店	1	20240108172819	632	12
pdd店	1	20240108172819	633	12
pdd店	1	20240108172819	634	12
pdd店	1	20240108172819	635	12
pdd店	1	20240108172819	636	12
pdd店	1	20240108172819	637	12
pdd店	1	20240108172819	638	12
pdd店	1	20240108172819	639	12
pdd店	1	20240108172819	640	12
pdd店	1	20240108172819	641	12
pdd店	1	20240108172819	642	12
pdd店	1	20240108172819	643	12
pdd店	1	20240108172819	644	12
pdd店	1	20240108172819	645	12
pdd店	1	20240108172819	646	12
pdd店	1	20240108172819	647	12
pdd店	1	20240108172819	648	12
pdd店	1	20240108172819	649	12
pdd店	1	20240108172819	650	12
pdd店	1	20240108172819	651	12
pdd店	1	20240108172819	652	12
pdd店	1	20240108172819	653	12
pdd店	1	20240108172819	654	12
pdd店	1	20240108172819	655	12
pdd店	1	20240108172819	656	12
pdd店	1	20240108172819	657	12
pdd店	1	20240108172819	658	12
pdd店	1	20240108172819	659	12
pdd店	1	20240108172819	660	12
pdd店	1	20240108172819	661	12
pdd店	1	20240108172819	662	12
pdd店	1	20240108172819	663	12
pdd店	1	20240108172819	664	12
pdd店	1	20240108172819	665	12
pdd店	1	20240108172819	666	12
pdd店	1	20240108172819	667	12
pdd店	1	20240108172819	668	12
pdd店	1	20240108172819	669	12
pdd店	1	20240108172819	670	12
pdd店	1	20240108172819	671	12
pdd店	1	20240108172819	672	12
pdd店	1	20240108172819	673	12
pdd店	1	20240108172819	674	12
pdd店	1	20240108172819	675	12
pdd店	1	20240108172819	676	12
pdd店	1	20240108172819	677	12
pdd店	1	20240108172819	678	12
pdd店	1	20240108172819	679	12
pdd店	1	20240108172819	680	12
pdd店	1	20240108172819	681	12
pdd店	1	20240108172819	682	12
pdd店	1	20240108172819	683	12
pdd店	1	20240108172819	684	12
pdd店	1	20240108172819	685	12
pdd店	1	20240108172819	686	12
pdd店	1	20240108172819	687	12
pdd店	1	20240108172819	688	12
pdd店	1	20240108172819	689	12
pdd店	1	20240108172819	690	12
pdd店	1	20240108172819	691	12
pdd店	1	20240108172819	692	12
pdd店	1	20240108172819	693	12
pdd店	1	20240108172819	694	12
pdd店	1	20240108172819	695	12
pdd店	1	20240108172819	696	12
pdd店	1	20240108172819	697	12
pdd店	1	20240108172819	698	12
pdd店	1	20240108172819	699	12
pdd店	1	20240108172819	700	12
pdd店	1	20240108172819	701	12
pdd店	1	20240108172819	702	12
pdd店	1	20240108172819	703	12
pdd店	1	20240108172819	704	12
pdd店	1	20240108172819	705	12
pdd店	1	20240108172819	706	12
pdd店	1	20240108172819	707	12
pdd店	1	20240108172819	708	12
pdd店	1	20240108172819	709	12
pdd店	1	20240108172819	710	12
pdd店	1	20240108172819	711	12
pdd店	1	20240108172819	712	12
pdd店	1	20240108172819	713	12
pdd店	1	20240108172819	714	12
pdd店	1	20240108172819	715	12
pdd店	1	20240108172819	716	12
pdd店	1	20240108172819	717	12
pdd店	1	20240108172819	718	12
pdd店	1	20240108172819	719	12
pdd店	1	20240108172819	720	12
pdd店	1	20240108172819	721	12
pdd店	1	20240108172819	722	12
pdd店	1	20240108172819	723	12
pdd店	1	20240108172819	724	12
pdd店	1	20240108172819	725	12
pdd店	1	20240108172819	726	12
pdd店	1	20240108172819	727	12
pdd店	1	20240108172819	728	12
pdd店	1	20240108172819	729	12
pdd店	1	20240108172819	730	12
pdd店	1	20240108172819	731	12
pdd店	1	20240108173543	0	12
pdd店	1	20240108173543	1	12
pdd店	1	20240108173543	2	12
pdd店	1	20240108173543	3	12
pdd店	1	20240108173543	4	12
pdd店	1	20240108173543	5	12
pdd店	1	20240108173543	6	12
pdd店	1	20240108173543	7	12
pdd店	1	20240108173543	8	12
pdd店	1	20240108173543	9	12
pdd店	1	20240108173543	10	12
pdd店	1	20240108173543	11	12
pdd店	1	20240108173543	12	12
pdd店	1	20240108173543	13	12
pdd店	1	20240108173543	14	12
pdd店	1	20240108173543	15	12
pdd店	1	20240108173543	16	12
pdd店	1	20240108173543	17	12
pdd店	1	20240108173543	18	12
pdd店	1	20240108173543	19	12
pdd店	1	20240108173543	20	12
pdd店	1	20240108173543	21	12
pdd店	1	20240108173543	22	12
pdd店	1	20240108173543	23	12
pdd店	1	20240108173543	24	12
pdd店	1	20240108173543	25	12
pdd店	1	20240108173543	26	12
pdd店	1	20240108173543	27	12
pdd店	1	20240108173543	28	12
pdd店	1	20240108173543	29	12
pdd店	1	20240108173543	30	12
pdd店	1	20240108173543	31	12
pdd店	1	20240108173543	32	12
pdd店	1	20240108173543	33	12
pdd店	1	20240108173543	34	12
pdd店	1	20240108173543	35	12
pdd店	1	20240108173543	36	12
pdd店	1	20240108173543	37	12
pdd店	1	20240108173543	38	12
pdd店	1	20240108173543	39	12
pdd店	1	20240108173543	40	12
pdd店	1	20240108173543	41	12
pdd店	1	20240108173543	42	12
pdd店	1	20240108173543	43	12
pdd店	1	20240108173543	44	12
pdd店	1	20240108173543	45	12
pdd店	1	20240108173543	46	12
pdd店	1	20240108173543	47	12
pdd店	1	20240108173543	48	12
pdd店	1	20240108173543	49	12
pdd店	1	20240108173543	50	12
pdd店	1	20240108173543	51	12
pdd店	1	20240108173543	52	12
pdd店	1	20240108173543	53	12
pdd店	1	20240108173543	54	12
pdd店	1	20240108173543	55	12
pdd店	1	20240108173543	56	12
pdd店	1	20240108173543	57	12
pdd店	1	20240108173543	58	12
pdd店	1	20240108173543	59	12
pdd店	1	20240108173543	60	12
pdd店	1	20240108173543	61	12
pdd店	1	20240108173543	62	12
pdd店	1	20240108173543	63	12
pdd店	1	20240108173543	64	12
pdd店	1	20240108173543	65	12
pdd店	1	20240108173543	66	12
pdd店	1	20240108173543	67	12
pdd店	1	20240108173543	68	12
pdd店	1	20240108173543	69	12
pdd店	1	20240108173543	70	12
pdd店	1	20240108173543	71	12
pdd店	1	20240108173543	72	12
pdd店	1	20240108173543	73	12
pdd店	1	20240108173543	74	12
pdd店	1	20240108173543	75	12
pdd店	1	20240108173543	76	12
pdd店	1	20240108173543	77	12
pdd店	1	20240108173543	78	12
pdd店	1	20240108173543	79	12
pdd店	1	20240108173543	80	12
pdd店	1	20240108173543	81	12
pdd店	1	20240108173543	82	12
pdd店	1	20240108173543	83	12
pdd店	1	20240108173543	84	12
pdd店	1	20240108173543	85	12
pdd店	1	20240108173543	86	12
pdd店	1	20240108173543	87	12
pdd店	1	20240108173543	88	12
pdd店	1	20240108173543	89	12
pdd店	1	20240108173543	90	12
pdd店	1	20240108173543	91	12
pdd店	1	20240108173543	92	12
pdd店	1	20240108173543	93	12
pdd店	1	20240108173543	94	12
pdd店	1	20240108173543	95	12
pdd店	1	20240108173543	96	12
pdd店	1	20240108173543	97	12
pdd店	1	20240108173543	98	12
pdd店	1	20240108173543	99	12
pdd店	1	20240108173543	100	12
pdd店	1	20240108173543	101	12
pdd店	1	20240108173543	102	12
pdd店	1	20240108173543	103	12
pdd店	1	20240108173543	104	12
pdd店	1	20240108173543	105	12
pdd店	1	20240108173543	106	12
pdd店	1	20240108173543	107	12
pdd店	1	20240108173543	108	12
pdd店	1	20240108173543	109	12
pdd店	1	20240108173543	110	12
pdd店	1	20240108173543	111	12
pdd店	1	20240108173543	112	12
pdd店	1	20240108173543	113	12
pdd店	1	20240108173543	114	12
pdd店	1	20240108173543	115	12
pdd店	1	20240108173543	116	12
pdd店	1	20240108173543	117	12
pdd店	1	20240108173543	118	12
pdd店	1	20240108173543	119	12
pdd店	1	20240108173543	120	12
pdd店	1	20240108173543	121	12
pdd店	1	20240108173543	122	12
pdd店	1	20240108173543	123	12
pdd店	1	20240108173543	124	12
pdd店	1	20240108173543	125	12
pdd店	1	20240108173543	126	12
pdd店	1	20240108173543	127	12
pdd店	1	20240108173543	128	12
pdd店	1	20240108173543	129	12
pdd店	1	20240108173543	130	12
pdd店	1	20240108173543	131	12
pdd店	1	20240108173543	132	12
pdd店	1	20240108173543	133	12
pdd店	1	20240108173543	134	12
pdd店	1	20240108173543	135	12
pdd店	1	20240108173543	136	12
pdd店	1	20240108173543	137	12
pdd店	1	20240108173543	138	12
pdd店	1	20240108173543	139	12
pdd店	1	20240108173543	140	12
pdd店	1	20240108173543	141	12
pdd店	1	20240108173543	142	12
pdd店	1	20240108173543	143	12
pdd店	1	20240108173543	144	12
pdd店	1	20240108173543	145	12
pdd店	1	20240108173543	146	12
pdd店	1	20240108173543	147	12
pdd店	1	20240108173543	148	12
pdd店	1	20240108173543	149	12
pdd店	1	20240108173543	150	12
pdd店	1	20240108173543	151	12
pdd店	1	20240108173543	152	12
pdd店	1	20240108173543	153	12
pdd店	1	20240108173543	154	12
pdd店	1	20240108173543	155	12
pdd店	1	20240108173543	156	12
pdd店	1	20240108173543	157	12
pdd店	1	20240108173543	158	12
pdd店	1	20240108173543	159	12
pdd店	1	20240108173543	160	12
pdd店	1	20240108173543	161	12
pdd店	1	20240108173543	162	12
pdd店	1	20240108173543	163	12
pdd店	1	20240108173543	164	12
pdd店	1	20240108173543	165	12
pdd店	1	20240108173543	166	12
pdd店	1	20240108173543	167	12
pdd店	1	20240108173543	168	12
pdd店	1	20240108173543	169	12
pdd店	1	20240108173543	170	12
pdd店	1	20240108173543	171	12
pdd店	1	20240108173543	172	12
pdd店	1	20240108173543	173	12
pdd店	1	20240108173543	174	12
pdd店	1	20240108173543	175	12
pdd店	1	20240108173543	176	12
pdd店	1	20240108173543	177	12
pdd店	1	20240108173543	178	12
pdd店	1	20240108173543	179	12
pdd店	1	20240108173543	180	12
pdd店	1	20240108173543	181	12
pdd店	1	20240108173543	182	12
pdd店	1	20240108173543	183	12
pdd店	1	20240108173543	184	12
pdd店	1	20240108173543	185	12
pdd店	1	20240108173543	186	12
pdd店	1	20240108173543	187	12
pdd店	1	20240108173543	188	12
pdd店	1	20240108173543	189	12
pdd店	1	20240108173543	190	12
pdd店	1	20240108173543	191	12
pdd店	1	20240108173543	192	12
pdd店	1	20240108173543	193	13
pdd店	1	20240108173543	194	13
pdd店	1	20240108173543	195	13
pdd店	1	20240108173543	196	13
pdd店	1	20240108173543	197	13
pdd店	1	20240108173543	198	13
pdd店	1	20240108173543	199	13
pdd店	1	20240108173543	200	13
pdd店	1	20240108173543	201	13
pdd店	1	20240108173543	202	13
pdd店	1	20240108173543	203	13
pdd店	1	20240108173543	204	13
pdd店	1	20240108173543	205	13
pdd店	1	20240108173543	206	13
pdd店	1	20240108173543	207	13
pdd店	1	20240108173543	208	13
pdd店	1	20240108173543	209	13
pdd店	1	20240108173543	210	13
pdd店	1	20240108173543	211	13
pdd店	1	20240108173543	212	13
pdd店	1	20240108173543	213	13
pdd店	1	20240108173543	214	13
pdd店	1	20240108173543	215	13
pdd店	1	20240108173543	216	13
pdd店	1	20240108173543	217	13
pdd店	1	20240108173543	218	13
pdd店	1	20240108173543	219	13
pdd店	1	20240108173543	220	13
pdd店	1	20240108173543	221	13
pdd店	1	20240108173543	222	13
pdd店	1	20240108173543	223	13
pdd店	1	20240108173543	224	13
pdd店	1	20240108173543	225	13
pdd店	1	20240108173543	226	13
pdd店	1	20240108173543	227	13
pdd店	1	20240108173543	228	13
pdd店	1	20240108173543	229	13
pdd店	1	20240108173543	230	13
pdd店	1	20240108173543	231	13
pdd店	1	20240108173543	232	13
pdd店	1	20240108173543	233	13
pdd店	1	20240108173543	234	13
pdd店	1	20240108173543	235	13
pdd店	1	20240108173543	236	13
pdd店	1	20240108173543	237	13
pdd店	1	20240108173543	238	13
pdd店	1	20240108173543	239	13
pdd店	1	20240108173543	240	13
pdd店	1	20240108173543	241	13
pdd店	1	20240108173543	242	13
pdd店	1	20240108173543	243	13
pdd店	1	20240108173543	244	13
pdd店	1	20240108173543	245	13
pdd店	1	20240108173543	246	13
pdd店	1	20240108173543	247	13
pdd店	1	20240108173543	248	13
pdd店	1	20240108173543	249	13
pdd店	1	20240108173543	250	13
pdd店	1	20240108173543	251	13
pdd店	1	20240108173543	252	13
pdd店	1	20240108173543	253	13
pdd店	1	20240108173543	254	13
pdd店	1	20240108173543	255	13
pdd店	1	20240108173543	256	13
pdd店	1	20240108173543	257	13
pdd店	1	20240108173543	258	13
pdd店	1	20240108173543	259	13
pdd店	1	20240108173543	260	13
pdd店	1	20240108173543	261	13
pdd店	1	20240108173543	262	13
pdd店	1	20240108173543	263	13
pdd店	1	20240108173543	264	13
pdd店	1	20240108173543	265	13
pdd店	1	20240108173543	266	13
pdd店	1	20240108173543	267	13
pdd店	1	20240108173543	268	13
pdd店	1	20240108173543	269	13
pdd店	1	20240108173543	270	13
pdd店	1	20240108173543	271	13
pdd店	1	20240108173543	272	13
pdd店	1	20240108173543	273	13
pdd店	1	20240108173543	274	13
pdd店	1	20240108173543	275	13
pdd店	1	20240108173543	276	13
pdd店	1	20240108173543	277	13
pdd店	1	20240108173543	278	13
pdd店	1	20240108173543	279	13
pdd店	1	20240108173543	280	13
pdd店	1	20240108173543	281	13
pdd店	1	20240108173543	282	13
pdd店	1	20240108173543	283	13
pdd店	1	20240108173543	284	13
pdd店	1	20240108173543	285	13
pdd店	1	20240108173543	286	13
pdd店	1	20240108173543	287	13
pdd店	1	20240108173543	288	13
pdd店	1	20240108173543	289	13
pdd店	1	20240108173543	290	13
pdd店	1	20240108173543	291	13
pdd店	1	20240108173543	292	13
pdd店	1	20240108173543	293	13
pdd店	1	20240108173543	294	13
pdd店	1	20240108173543	295	13
pdd店	1	20240108173543	296	13
pdd店	1	20240108173543	297	13
pdd店	1	20240108173543	298	13
pdd店	1	20240108173543	299	13
pdd店	1	20240108173543	300	13
pdd店	1	20240108173543	301	13
pdd店	1	20240108173543	302	13
pdd店	1	20240108173543	303	13
pdd店	1	20240108173543	304	13
pdd店	1	20240108173543	305	13
pdd店	1	20240108173543	306	13
pdd店	1	20240108173543	307	13
pdd店	1	20240108173543	308	13
pdd店	1	20240108173543	309	13
pdd店	1	20240108173543	310	13
pdd店	1	20240108173543	311	13
pdd店	1	20240108173543	312	13
pdd店	1	20240108173543	313	13
pdd店	1	20240108173543	314	13
pdd店	1	20240108173543	315	13
pdd店	1	20240108173543	316	13
pdd店	1	20240108173543	317	13
pdd店	1	20240108173543	318	13
pdd店	1	20240108173543	319	13
pdd店	1	20240108173543	320	13
pdd店	1	20240108173543	321	13
pdd店	1	20240108173543	322	13
pdd店	1	20240108173543	323	13
pdd店	1	20240108173543	324	13
pdd店	1	20240108173543	325	13
pdd店	1	20240108173543	326	13
pdd店	1	20240108173543	327	13
pdd店	1	20240108173543	328	13
pdd店	1	20240108173543	329	13
pdd店	1	20240108173543	330	13
pdd店	1	20240108173543	331	13
pdd店	1	20240108173543	332	13
pdd店	1	20240108173543	333	13
pdd店	1	20240108173543	334	13
pdd店	1	20240108173543	335	13
pdd店	1	20240108173543	336	13
pdd店	1	20240108173543	337	13
pdd店	1	20240108173543	338	13
pdd店	1	20240108173543	339	13
pdd店	1	20240108173543	340	13
pdd店	1	20240108173543	341	13
pdd店	1	20240108173543	342	13
pdd店	1	20240108173543	343	13
pdd店	1	20240108173543	344	13
pdd店	1	20240108173543	345	13
pdd店	1	20240108173543	346	13
pdd店	1	20240108173543	347	13
pdd店	1	20240108173543	348	13
pdd店	1	20240108173543	349	13
pdd店	1	20240108173543	350	13
pdd店	1	20240108173543	351	13
pdd店	1	20240108173543	352	13
pdd店	1	20240108173543	353	13
pdd店	1	20240108173543	354	13
pdd店	1	20240108173543	355	13
pdd店	1	20240108173543	356	13
pdd店	1	20240108173543	357	13
pdd店	1	20240108173543	358	13
pdd店	1	20240108173543	359	13
pdd店	1	20240108173543	360	13
pdd店	1	20240108173543	361	13
pdd店	1	20240108173543	362	13
pdd店	1	20240108173543	363	13
pdd店	1	20240108173543	364	13
pdd店	1	20240108173543	365	13
pdd店	1	20240108173543	366	13
pdd店	1	20240108173543	367	13
pdd店	1	20240108173543	368	13
pdd店	1	20240108173543	369	13
pdd店	1	20240108173543	370	13
pdd店	1	20240108173543	371	13
pdd店	1	20240108173543	372	13
pdd店	1	20240108173543	373	13
pdd店	1	20240108173543	374	13
pdd店	1	20240108173543	375	13
pdd店	1	20240108173543	376	13
pdd店	1	20240108173543	377	14
pdd店	1	20240108173543	378	14
pdd店	1	20240108173543	379	14
pdd店	1	20240108173543	380	14
pdd店	1	20240108173543	381	14
pdd店	1	20240108173543	382	14
pdd店	1	20240108173543	383	14
pdd店	1	20240108173543	384	14
pdd店	1	20240108173543	385	14
pdd店	1	20240108173543	386	14
pdd店	1	20240108173543	387	14
pdd店	1	20240108173543	388	14
pdd店	1	20240108173543	389	14
pdd店	1	20240108173543	390	14
pdd店	1	20240108173543	391	14
pdd店	1	20240108173543	392	14
pdd店	1	20240108173543	393	14
pdd店	1	20240108173543	394	14
pdd店	1	20240108173543	395	14
pdd店	1	20240108173543	396	14
pdd店	1	20240108173543	397	14
pdd店	1	20240108173543	398	14
pdd店	1	20240108173543	399	14
pdd店	1	20240108173543	400	14
pdd店	1	20240108173543	401	14
pdd店	1	20240108173543	402	14
pdd店	1	20240108173543	403	14
pdd店	1	20240108173543	404	14
pdd店	1	20240108173543	405	14
pdd店	1	20240108173543	406	14
pdd店	1	20240108173543	407	14
pdd店	1	20240108173543	408	14
pdd店	1	20240108173543	409	14
pdd店	1	20240108173543	410	14
pdd店	1	20240108173543	411	14
pdd店	1	20240108173543	412	14
pdd店	1	20240108173543	413	14
pdd店	1	20240108173543	414	14
pdd店	1	20240108173543	415	14
pdd店	1	20240108173543	416	14
pdd店	1	20240108173543	417	14
pdd店	1	20240108173543	418	14
pdd店	1	20240108173543	419	14
pdd店	1	20240108173543	420	14
pdd店	1	20240108173543	421	14
pdd店	1	20240108173543	422	14
pdd店	1	20240108173543	423	14
pdd店	1	20240108173543	424	14
pdd店	1	20240108173543	425	14
pdd店	1	20240108173543	426	14
pdd店	1	20240108173543	427	14
pdd店	1	20240108173543	428	14
pdd店	1	20240108173543	429	15
pdd店	1	20240108173543	430	15
pdd店	1	20240108173543	431	15
pdd店	1	20240108173543	432	15
pdd店	1	20240108173543	433	15
pdd店	1	20240108173543	434	15
pdd店	1	20240108173543	435	15
pdd店	1	20240108173543	436	15
pdd店	1	20240108173543	437	15
pdd店	1	20240108173543	438	15
pdd店	1	20240108173543	439	15
pdd店	1	20240108173543	440	15
pdd店	1	20240108173543	441	15
pdd店	1	20240108173543	442	15
pdd店	1	20240108173543	443	15
pdd店	1	20240108173543	444	15
pdd店	1	20240108173543	445	15
pdd店	1	20240108173543	446	15
pdd店	1	20240108173543	447	15
pdd店	1	20240108173543	448	15
pdd店	1	20240108173543	449	15
pdd店	1	20240108173543	450	15
pdd店	1	20240108173543	451	15
pdd店	1	20240108173543	452	15
pdd店	1	20240108173543	453	15
pdd店	1	20240108173543	454	15
pdd店	1	20240108173543	455	15
pdd店	1	20240108173543	456	15
pdd店	1	20240108173543	457	15
pdd店	1	20240108173543	458	15
pdd店	1	20240108173543	459	15
pdd店	1	20240108173543	460	15
pdd店	1	20240108173543	461	15
pdd店	1	20240108173543	462	15
pdd店	1	20240108173543	463	15
pdd店	1	20240108173543	464	15
pdd店	1	20240108173543	465	15
pdd店	1	20240108173543	466	15
pdd店	1	20240108173543	467	15
pdd店	1	20240108173543	468	15
pdd店	1	20240108173543	469	15
pdd店	1	20240108173543	470	15
pdd店	1	20240108173543	471	15
pdd店	1	20240108173543	472	15
pdd店	1	20240108173543	473	15
pdd店	1	20240108173543	474	15
pdd店	1	20240108173543	475	15
pdd店	1	20240108173543	476	15
pdd店	1	20240108173543	477	15
pdd店	1	20240108173543	478	15
pdd店	1	20240108173543	479	15
pdd店	1	20240108173543	480	15
pdd店	1	20240108173543	481	15
pdd店	1	20240108173543	482	15
pdd店	1	20240108173543	483	15
pdd店	1	20240108173543	484	15
pdd店	1	20240108173543	485	15
pdd店	1	20240108173543	486	15
pdd店	1	20240108173543	487	15
pdd店	1	20240108173543	488	15
pdd店	1	20240108173543	489	15
pdd店	1	20240108173543	490	15
pdd店	1	20240108173543	491	15
pdd店	1	20240108173543	492	15
pdd店	1	20240108173543	493	15
pdd店	1	20240108173543	494	15
pdd店	1	20240108173543	495	15
pdd店	1	20240108173543	496	15
pdd店	1	20240108173543	497	15
pdd店	1	20240108173543	498	15
pdd店	1	20240108173543	499	15
pdd店	1	20240108173543	500	15
pdd店	1	20240108173543	501	15
pdd店	1	20240108173543	502	15
pdd店	1	20240108173543	503	15
pdd店	1	20240108173543	504	15
pdd店	1	20240108173543	505	15
pdd店	1	20240108173543	506	15
pdd店	1	20240108173543	507	15
pdd店	1	20240108173543	508	15
pdd店	1	20240108173543	509	15
pdd店	1	20240108173543	510	15
pdd店	1	20240108173543	511	15
pdd店	1	20240108173543	512	15
pdd店	1	20240108173543	513	15
pdd店	1	20240108173543	514	15
pdd店	1	20240108173543	515	15
pdd店	1	20240108173543	516	15
pdd店	1	20240108173543	517	15
pdd店	1	20240108173543	518	15
pdd店	1	20240108173543	519	15
pdd店	1	20240108173543	520	15
pdd店	1	20240108173543	521	15
pdd店	1	20240108173543	522	15
pdd店	1	20240108173543	523	15
pdd店	1	20240108173543	524	15
pdd店	1	20240108173543	525	15
pdd店	1	20240108173543	526	15
pdd店	1	20240108173543	527	15
pdd店	1	20240108173543	528	16
pdd店	1	20240108173543	529	16
pdd店	1	20240108173543	530	16
pdd店	1	20240108173543	531	16
pdd店	1	20240108173543	532	16
pdd店	1	20240108173543	533	16
pdd店	1	20240108173543	534	16
pdd店	1	20240108173543	535	16
pdd店	1	20240108173543	536	16
pdd店	1	20240108173543	537	16
pdd店	1	20240108173543	538	16
pdd店	1	20240108173543	539	16
pdd店	1	20240108173543	540	16
pdd店	1	20240108173543	541	16
pdd店	1	20240108173543	542	16
pdd店	1	20240108173543	543	16
pdd店	1	20240108173543	544	16
pdd店	1	20240108173543	545	16
pdd店	1	20240108173543	546	16
pdd店	1	20240108173543	547	16
pdd店	1	20240108173543	548	16
pdd店	1	20240108173543	549	16
pdd店	1	20240108173543	550	16
pdd店	1	20240108173543	551	16
pdd店	1	20240108173543	552	16
pdd店	1	20240108173543	553	16
pdd店	1	20240108173543	554	16
pdd店	1	20240108173543	555	16
pdd店	1	20240108173543	556	16
pdd店	1	20240108173543	557	16
pdd店	1	20240108173543	558	16
pdd店	1	20240108173543	559	16
pdd店	1	20240108173543	560	16
pdd店	1	20240108173543	561	16
pdd店	1	20240108173543	562	16
pdd店	1	20240108173543	563	16
pdd店	1	20240108173543	564	16
pdd店	1	20240108173543	565	16
pdd店	1	20240108173543	566	16
pdd店	1	20240108173543	567	16
pdd店	1	20240108173543	568	16
pdd店	1	20240108173543	569	16
pdd店	1	20240108173543	570	16
pdd店	1	20240108173543	571	16
pdd店	1	20240108173543	572	16
pdd店	1	20240108173543	573	16
pdd店	1	20240108173543	574	16
pdd店	1	20240108173543	575	16
pdd店	1	20240108173543	576	16
pdd店	1	20240108173543	577	16
pdd店	1	20240108173543	578	16
pdd店	1	20240108173543	579	16
pdd店	1	20240108173543	580	16
pdd店	1	20240108173543	581	16
pdd店	1	20240108173543	582	16
pdd店	1	20240108173543	583	16
pdd店	1	20240108173543	584	16
pdd店	1	20240108173543	585	16
pdd店	1	20240108173543	586	16
pdd店	1	20240108173543	587	16
pdd店	1	20240108173543	588	16
pdd店	1	20240108173543	589	16
pdd店	1	20240108173543	590	16
pdd店	1	20240108173543	591	16
pdd店	1	20240108173543	592	16
pdd店	1	20240108173543	593	16
pdd店	1	20240108173543	594	16
pdd店	1	20240108173543	595	16
pdd店	1	20240108173543	596	16
pdd店	1	20240108173543	597	16
pdd店	1	20240108173543	598	16
pdd店	1	20240108173543	599	16
pdd店	1	20240108173543	600	16
pdd店	1	20240108173543	601	16
pdd店	1	20240108173543	602	16
pdd店	1	20240108173543	603	16
pdd店	1	20240108173543	604	16
pdd店	1	20240108173543	605	16
pdd店	1	20240108173543	606	16
pdd店	1	20240108173543	607	16
pdd店	1	20240108173543	608	16
pdd店	1	20240108173543	609	16
pdd店	1	20240108173543	610	16
pdd店	1	20240108173543	611	16
pdd店	1	20240108173543	612	16
pdd店	1	20240108173543	613	16
pdd店	1	20240108173543	614	16
pdd店	1	20240108173543	615	16
pdd店	1	20240108173543	616	16
pdd店	1	20240108173543	617	16
pdd店	1	20240108173543	618	16
pdd店	1	20240108173543	619	16
pdd店	1	20240108173543	620	16
pdd店	1	20240108173543	621	16
pdd店	1	20240108173543	622	16
pdd店	1	20240108173543	623	16
pdd店	1	20240108173543	624	16
pdd店	1	20240108173543	625	16
pdd店	1	20240108173543	626	16
pdd店	1	20240108173543	627	16
pdd店	1	20240108173543	628	16
pdd店	1	20240108173543	629	17
pdd店	1	20240108173543	630	17
pdd店	1	20240108173543	631	17
pdd店	1	20240108173543	632	17
pdd店	1	20240108173543	633	18
pdd店	1	20240108173543	634	18
pdd店	1	20240108173543	635	18
pdd店	1	20240108173543	636	18
pdd店	1	20240108173543	637	18
pdd店	1	20240108173543	638	18
pdd店	1	20240108173543	639	18
pdd店	1	20240108173543	640	18
pdd店	1	20240108173543	641	18
pdd店	1	20240108173543	642	18
pdd店	1	20240108173543	643	18
pdd店	1	20240108173543	644	18
pdd店	1	20240108173543	645	18
pdd店	1	20240108173543	646	18
pdd店	1	20240108173543	647	18
pdd店	1	20240108173543	648	18
pdd店	1	20240108173543	649	18
pdd店	1	20240108173543	650	18
pdd店	1	20240108173543	651	18
pdd店	1	20240108173543	652	18
pdd店	1	20240108173543	653	18
pdd店	1	20240108173543	654	18
pdd店	1	20240108173543	655	18
pdd店	1	20240108173543	656	18
pdd店	1	20240108173543	657	18
pdd店	1	20240108173543	658	18
pdd店	1	20240108173543	659	18
pdd店	1	20240108173543	660	18
pdd店	1	20240108173543	661	18
pdd店	1	20240108173543	662	18
pdd店	1	20240108175047	0	18
pdd店	1	20240108175047	1	18
pdd店	1	20240108175047	2	18
pdd店	1	20240108175047	3	18
pdd店	1	20240108175047	4	18
pdd店	1	20240108175047	5	18
pdd店	1	20240108175047	6	18
pdd店	1	20240108175047	7	18
pdd店	1	20240108175047	8	18
pdd店	1	20240108175047	9	18
pdd店	1	20240108175047	10	18
pdd店	1	20240108175047	11	18
pdd店	1	20240108175047	12	18
pdd店	1	20240108175047	13	18
pdd店	1	20240108175047	14	18
pdd店	1	20240108175047	15	18
pdd店	1	20240108175047	16	18
pdd店	1	20240108175047	17	18
pdd店	1	20240108175047	18	18
pdd店	1	20240108175047	19	18
pdd店	1	20240108175047	20	18
pdd店	1	20240108175047	21	18
pdd店	1	20240108175047	22	18
pdd店	1	20240108175047	23	18
pdd店	1	20240108175047	24	18
pdd店	1	20240108175047	25	18
pdd店	1	20240108175047	26	18
pdd店	1	20240108175047	27	18
pdd店	1	20240108175047	28	18
pdd店	1	20240108175047	29	18
pdd店	1	20240108175047	30	18
pdd店	1	20240108175047	31	18
pdd店	1	20240108175047	32	18
pdd店	1	20240108175047	33	18
pdd店	1	20240108175047	34	18
pdd店	1	20240108175047	35	18
pdd店	1	20240108175047	36	18
pdd店	1	20240108175047	37	18
pdd店	1	20240108175047	38	18
pdd店	1	20240108175047	39	18
pdd店	1	20240108175047	40	18
pdd店	1	20240108175047	41	18
pdd店	1	20240108175047	42	18
pdd店	1	20240108175047	43	18
pdd店	1	20240108175047	44	18
pdd店	1	20240108175047	45	18
pdd店	1	20240108175047	46	18
pdd店	1	20240108175047	47	18
pdd店	1	20240108175047	48	18
pdd店	1	20240108175047	49	18
pdd店	1	20240108175047	50	18
pdd店	1	20240108175047	51	18
pdd店	1	20240108175047	52	18
pdd店	1	20240108175047	53	18
pdd店	1	20240108175047	54	18
pdd店	1	20240108175047	55	18
pdd店	1	20240108175047	56	18
pdd店	1	20240108175047	57	18
pdd店	1	20240108175047	58	18
pdd店	1	20240108175047	59	18
pdd店	1	20240108175047	60	18
pdd店	1	20240108175047	61	18
pdd店	1	20240108175047	62	18
pdd店	1	20240108175047	63	18
pdd店	1	20240108180042	0	18
pdd店	1	20240108180042	1	18
pdd店	1	20240108180042	2	18
pdd店	1	20240108180042	3	18
pdd店	1	20240108180042	4	18
pdd店	1	20240108180042	5	18
pdd店	1	20240108180042	6	18
pdd店	1	20240108180042	7	18
pdd店	1	20240108180042	8	18
pdd店	1	20240108180042	9	18
pdd店	1	20240108180042	10	18
pdd店	1	20240108180042	11	18
pdd店	1	20240108180042	12	18
pdd店	1	20240108180042	13	18
pdd店	1	20240108180042	14	18
pdd店	1	20240108180042	15	18
pdd店	1	20240108180042	16	18
pdd店	1	20240108180042	17	18
pdd店	1	20240108180042	18	18
pdd店	1	20240108180042	19	18
pdd店	1	20240108180042	20	18
pdd店	1	20240108180042	21	18
pdd店	1	20240108180042	22	18
pdd店	1	20240108180042	23	18
pdd店	1	20240108180042	24	18
pdd店	1	20240108180042	25	18
pdd店	1	20240108180042	26	18
pdd店	1	20240108180042	27	18
pdd店	1	20240108180042	28	18
pdd店	1	20240108180042	29	18
pdd店	1	20240108180042	30	18
pdd店	1	20240108180042	31	18
pdd店	1	20240108180042	32	18
pdd店	1	20240108180042	33	18
pdd店	1	20240108180042	34	18
pdd店	1	20240108180042	35	18
pdd店	1	20240108180042	36	18
pdd店	1	20240108180042	37	18
pdd店	1	20240108180042	38	18
pdd店	1	20240108180042	39	18
pdd店	1	20240108180042	40	18
pdd店	1	20240108180042	41	18
pdd店	1	20240108180042	42	18
pdd店	1	20240108180042	43	18
pdd店	1	20240108180042	44	18
pdd店	1	20240108180042	45	18
pdd店	1	20240108180042	46	18
pdd店	1	20240108180042	47	18
pdd店	1	20240108180042	48	18
pdd店	1	20240108180042	49	18
pdd店	1	20240108180042	50	18
pdd店	1	20240108180042	51	18
pdd店	1	20240108180042	52	18
pdd店	1	20240108180042	53	18
pdd店	1	20240108180042	54	18
pdd店	1	20240108180042	55	18
pdd店	1	20240108180042	56	18
pdd店	1	20240108180042	57	18
pdd店	1	20240108180042	58	18
pdd店	1	20240108180042	59	18
pdd店	1	20240108180042	60	18
pdd店	1	20240108180042	61	18
pdd店	1	20240108180042	62	18
pdd店	1	20240108180042	63	18
pdd店	1	20240108180042	64	18
pdd店	1	20240108180042	65	18
pdd店	1	20240108180042	66	18
pdd店	1	20240108180042	67	18
pdd店	1	20240108180042	68	18
pdd店	1	20240108180042	69	18
pdd店	1	20240108180042	70	18
pdd店	1	20240108180042	71	18
pdd店	1	20240108180042	72	18
pdd店	1	20240108180042	73	18
pdd店	1	20240108180042	74	18
pdd店	1	20240108180042	75	18
pdd店	1	20240108180042	76	18
pdd店	1	20240108180042	77	18
pdd店	1	20240108180042	78	18
pdd店	1	20240108180042	79	18
pdd店	1	20240108180042	80	18
pdd店	1	20240108180042	81	18
pdd店	1	20240108180042	82	18
pdd店	1	20240108180042	83	18
pdd店	1	20240108180042	84	18
pdd店	1	20240108180042	85	18
pdd店	1	20240108180042	86	18
pdd店	1	20240108180042	87	18
pdd店	1	20240108180042	88	18
pdd店	1	20240108180042	89	18
pdd店	1	20240108180042	90	18
pdd店	1	20240108180042	91	18
pdd店	1	20240108180042	92	18
pdd店	1	20240108180042	93	18
pdd店	1	20240108180042	94	18
pdd店	1	20240108180042	95	18
pdd店	1	20240108180042	96	18
pdd店	1	20240108180042	97	18
pdd店	1	20240108180042	98	18
pdd店	1	20240108180042	99	18
pdd店	1	20240108180042	100	18
pdd店	1	20240108180042	101	18
pdd店	1	20240108180042	102	18
pdd店	1	20240108180042	103	18
pdd店	1	20240108180042	104	18
pdd店	1	20240108180042	105	18
pdd店	1	20240108180042	106	18
pdd店	1	20240108180042	107	18
pdd店	1	20240108180042	108	18
pdd店	1	20240108180042	109	18
pdd店	1	20240108180042	110	18
pdd店	1	20240108180042	111	18
pdd店	1	20240108180042	112	18
pdd店	1	20240108180042	113	18
pdd店	1	20240108180042	114	18
pdd店	1	20240108180042	115	18
pdd店	1	20240108180042	116	18
pdd店	1	20240108180042	117	18
pdd店	1	20240108180042	118	18
pdd店	1	20240108180042	119	18
pdd店	1	20240108180042	120	18
pdd店	1	20240108180042	121	18
pdd店	1	20240108180042	122	18
pdd店	1	20240108180042	123	18
pdd店	1	20240108180042	124	18
pdd店	1	20240108180042	125	18
pdd店	1	20240108180042	126	18
pdd店	1	20240108180042	127	18
pdd店	1	20240108180042	128	18
pdd店	1	20240108180042	129	18
pdd店	1	20240108180042	130	18
pdd店	1	20240108180042	131	18
pdd店	1	20240108180042	132	18
pdd店	1	20240108180042	133	18
pdd店	1	20240108180042	134	18
pdd店	1	20240108180042	135	18
pdd店	1	20240108180042	136	18
pdd店	1	20240108180042	137	18
pdd店	1	20240108180042	138	18
pdd店	1	20240108180042	139	18
pdd店	1	20240108180042	140	18
pdd店	1	20240108180042	141	18
pdd店	1	20240108180042	142	18
pdd店	1	20240108180042	143	18
pdd店	1	20240108180042	144	18
pdd店	1	20240108180042	145	18
pdd店	1	20240108180042	146	18
pdd店	1	20240108180042	147	18
pdd店	1	20240108180042	148	18
pdd店	1	20240108180042	149	18
pdd店	1	20240108180042	150	18
pdd店	1	20240108180042	151	18
pdd店	1	20240108180042	152	18
pdd店	1	20240108180042	153	18
pdd店	1	20240108180042	154	18
pdd店	1	20240108180042	155	18
pdd店	1	20240108180042	156	18
pdd店	1	20240108180042	157	18
pdd店	1	20240108180042	158	18
pdd店	1	20240108180042	159	18
pdd店	1	20240108180042	160	18
pdd店	1	20240108180042	161	18
pdd店	1	20240108180042	162	18
pdd店	1	20240108180042	163	18
pdd店	1	20240108180042	164	18
pdd店	1	20240108180042	165	18
pdd店	1	20240108180042	166	18
pdd店	1	20240108180042	167	18
pdd店	1	20240108180042	168	18
pdd店	1	20240108180042	169	18
pdd店	1	20240108180042	170	18
pdd店	1	20240108180042	171	18
pdd店	1	20240108180042	172	18
pdd店	1	20240108180042	173	18
pdd店	1	20240108180042	174	18
pdd店	1	20240108180042	175	18
pdd店	1	20240108180042	176	18
pdd店	1	20240108180042	177	18
pdd店	1	20240108180042	178	18
pdd店	1	20240108180042	179	18
pdd店	1	20240108180042	180	18
pdd店	1	20240108180042	181	18
pdd店	1	20240108180042	182	18
pdd店	1	20240108180042	183	18
pdd店	1	20240108180042	184	18
pdd店	1	20240108180042	185	18
pdd店	1	20240108180042	186	18
pdd店	1	20240108180042	187	18
pdd店	1	20240108180042	188	18
pdd店	1	20240108180042	189	18
pdd店	1	20240108180042	190	18
pdd店	1	20240108180042	191	18
pdd店	1	20240108180042	192	18
pdd店	1	20240108180042	193	18
pdd店	1	20240108180042	194	18
pdd店	1	20240108180042	195	18
pdd店	1	20240108180042	196	19
pdd店	1	20240108180042	197	19
pdd店	1	20240108180042	198	19
pdd店	1	20240108180042	199	19
pdd店	1	20240108180042	200	19
pdd店	1	20240108180042	201	19
pdd店	1	20240108180042	202	19
pdd店	1	20240108180042	203	19
pdd店	1	20240108180042	204	19
pdd店	1	20240108180042	205	19
pdd店	1	20240108180042	206	19
pdd店	1	20240108180042	207	19
pdd店	1	20240108180042	208	19
pdd店	1	20240108180042	209	19
pdd店	1	20240108180042	210	19
pdd店	1	20240108180042	211	20
pdd店	1	20240108180042	212	20
pdd店	1	20240108180042	213	20
pdd店	1	20240108180042	214	20
pdd店	1	20240108180042	215	20
pdd店	1	20240108180042	216	20
pdd店	1	20240108180042	217	20
pdd店	1	20240108180042	218	20
pdd店	1	20240108180042	219	20
pdd店	1	20240108180042	220	20
pdd店	1	20240108180126	0	20
pdd店	1	20240108180126	1	20
pdd店	1	20240108180126	2	20
pdd店	1	20240108180126	3	20
pdd店	1	20240108180126	4	20
pdd店	1	20240108180126	5	20
pdd店	1	20240108180126	6	20
pdd店	1	20240108180126	7	20
pdd店	1	20240108180126	8	20
pdd店	1	20240108180126	9	20
pdd店	1	20240108180126	10	20
pdd店	1	20240108180126	11	20
pdd店	1	20240108180126	12	20
pdd店	1	20240108180126	13	20
pdd店	1	20240108180126	14	20
pdd店	1	20240108180126	15	20
pdd店	1	20240108180126	16	20
pdd店	1	20240108180126	17	20
pdd店	1	20240108180126	18	20
pdd店	1	20240108180126	19	20
pdd店	1	20240108180126	20	20
pdd店	1	20240108180126	21	20
pdd店	1	20240108180126	22	20
pdd店	1	20240108180126	23	20
pdd店	1	20240108180126	24	20
pdd店	1	20240108180126	25	20
pdd店	1	20240108180126	26	20
pdd店	1	20240108180126	27	20
pdd店	1	20240108180126	28	20
pdd店	1	20240108180126	29	20
pdd店	1	20240108180126	30	20
pdd店	1	20240108180208	0	20
pdd店	1	20240108180208	1	20
pdd店	1	20240108180208	2	20
pdd店	1	20240108180208	3	20
pdd店	1	20240108180208	4	20
pdd店	1	20240108180208	5	20
pdd店	1	20240108180208	6	20
pdd店	1	20240108180208	7	20
pdd店	1	20240108180208	8	20
pdd店	1	20240108180208	9	20
pdd店	1	20240108180208	10	20
pdd店	1	20240108180208	11	20
pdd店	1	20240108180208	12	20
pdd店	1	20240108180208	13	20
pdd店	1	20240108180208	14	20
pdd店	1	20240108180208	15	20
pdd店	1	20240108180208	16	20
pdd店	1	20240108180208	17	20
pdd店	1	20240108180208	18	20
pdd店	1	20240108180208	19	20
pdd店	1	20240108180208	20	20
pdd店	1	20240108180208	21	20
pdd店	1	20240108180208	22	20
pdd店	1	20240108180208	23	20
pdd店	1	20240108180208	24	20
pdd店	1	20240108180208	25	20
pdd店	1	20240108180208	26	20
pdd店	1	20240108180208	27	20
pdd店	1	20240108180208	28	20
pdd店	1	20240108180208	29	20
pdd店	1	20240108180208	30	20
pdd店	1	20240108180208	31	20
pdd店	1	20240108180208	32	20
pdd店	1	20240108180208	33	20
pdd店	1	20240108180208	34	20
pdd店	1	20240108180208	35	20
pdd店	1	20240108180208	36	20
pdd店	1	20240108180208	37	20
pdd店	1	20240108180208	38	20
pdd店	1	20240108180208	39	20
pdd店	1	20240108180208	40	20
pdd店	1	20240108180208	41	20
pdd店	1	20240108180208	42	20
pdd店	1	20240108180208	43	20
pdd店	1	20240108180208	44	20
pdd店	1	20240108180208	45	20
pdd店	1	20240108180208	46	20
pdd店	1	20240108180208	47	20
pdd店	1	20240108180208	48	20
pdd店	1	20240108180208	49	20
pdd店	1	20240108180208	50	20
pdd店	1	20240108180208	51	20
pdd店	1	20240108180208	52	20
pdd店	1	20240108180208	53	20
pdd店	1	20240108180208	54	20
pdd店	1	20240108180208	55	20
pdd店	1	20240108180208	56	20
pdd店	1	20240108180208	57	20
pdd店	1	20240108180208	58	20
pdd店	1	20240108180208	59	20
pdd店	1	20240108180208	60	20
pdd店	1	20240108180208	61	20
pdd店	1	20240108180208	62	20
pdd店	1	20240108180208	63	20
pdd店	1	20240108180208	64	20
pdd店	1	20240108180208	65	20
pdd店	1	20240108180208	66	20
pdd店	1	20240108180208	67	20
pdd店	1	20240108180208	68	20
pdd店	1	20240108180208	69	20
pdd店	1	20240108180208	70	20
pdd店	1	20240108180208	71	20
pdd店	1	20240108180208	72	20
pdd店	1	20240108180208	73	20
pdd店	1	20240108180208	74	20
pdd店	1	20240108180208	75	20
pdd店	1	20240108180208	76	20
pdd店	1	20240108180208	77	20
pdd店	1	20240108180208	78	20
pdd店	1	20240108180208	79	20
pdd店	1	20240108180208	80	20
pdd店	1	20240108180208	81	20
pdd店	1	20240108180208	82	20
pdd店	1	20240108180208	83	20
pdd店	1	20240108180208	84	20
pdd店	1	20240108180208	85	20
pdd店	1	20240108180208	86	20
pdd店	1	20240108180208	87	20
pdd店	1	20240108180208	88	20
pdd店	1	20240108180208	89	20
pdd店	1	20240108180208	90	20
pdd店	1	20240108180208	91	20
pdd店	1	20240108180208	92	20
pdd店	1	20240108180208	93	20
pdd店	1	20240108180208	94	20
pdd店	1	20240108180208	95	20
pdd店	1	20240108180208	96	20
pdd店	1	20240108180208	97	20
pdd店	1	20240108180208	98	20
pdd店	1	20240108180208	99	20
pdd店	1	20240108180208	100	20
pdd店	1	20240108180208	101	20
pdd店	1	20240108180208	102	20
pdd店	1	20240108180208	103	20
pdd店	1	20240108180208	104	20
pdd店	1	20240108180208	105	20
pdd店	1	20240108180208	106	20
pdd店	1	20240108180208	107	20
pdd店	1	20240108180208	108	20
pdd店	1	20240108180208	109	20
pdd店	1	20240108180208	110	20
pdd店	1	20240108180208	111	20
pdd店	1	20240108180208	112	20
pdd店	1	20240108180208	113	20
pdd店	1	20240108180208	114	20
pdd店	1	20240108180208	115	20
pdd店	1	20240108180208	116	20
pdd店	1	20240108180208	117	20
pdd店	1	20240108180208	118	20
pdd店	1	20240108180208	119	20
pdd店	1	20240108180208	120	20
pdd店	1	20240108180208	121	20
pdd店	1	20240108180208	122	20
pdd店	1	20240108180208	123	20
pdd店	1	20240108180208	124	20
pdd店	1	20240108180208	125	20
pdd店	1	20240108180208	126	20
pdd店	1	20240108180208	127	20
pdd店	1	20240108180208	128	20
pdd店	1	20240108180208	129	20
pdd店	1	20240108180208	130	20
pdd店	1	20240108180208	131	20
pdd店	1	20240108180208	132	20
pdd店	1	20240108180208	133	20
pdd店	1	20240108180208	134	20
pdd店	1	20240108180208	135	20
pdd店	1	20240108180208	136	20
pdd店	1	20240108180208	137	20
pdd店	1	20240108180208	138	20
pdd店	1	20240108180208	139	20
pdd店	1	20240108180208	140	20
pdd店	1	20240108180208	141	20
pdd店	1	20240108180208	142	20
pdd店	1	20240108180208	143	20
pdd店	1	20240108180208	144	20
pdd店	1	20240108180208	145	20
pdd店	1	20240108180208	146	20
pdd店	1	20240108180208	147	20
pdd店	1	20240108180208	148	20
pdd店	1	20240108180208	149	20
pdd店	1	20240108180208	150	20
pdd店	1	20240108180208	151	20
pdd店	1	20240108180208	152	20
pdd店	1	20240108180208	153	20
pdd店	1	20240108180208	154	20
pdd店	1	20240108180208	155	20
pdd店	1	20240108180208	156	20
pdd店	1	20240108180208	157	20
pdd店	1	20240108180208	158	20
pdd店	1	20240108180208	159	20
pdd店	1	20240108180208	160	20
pdd店	1	20240108180208	161	20
pdd店	1	20240108180208	162	20
pdd店	1	20240108180208	163	20
pdd店	1	20240108180208	164	20
pdd店	1	20240108180208	165	20
pdd店	1	20240108180208	166	20
pdd店	1	20240108180208	167	20
pdd店	1	20240108180208	168	20
pdd店	1	20240108180208	169	20
pdd店	1	20240108180208	170	20
pdd店	1	20240108180208	171	20
pdd店	1	20240108180208	172	20
pdd店	1	20240108180208	173	20
pdd店	1	20240108180208	174	20
pdd店	1	20240108180208	175	20
pdd店	1	20240108180208	176	20
pdd店	1	20240108180208	177	20
pdd店	1	20240108180208	178	20
pdd店	1	20240108180208	179	20
pdd店	1	20240108180208	180	20
pdd店	1	20240108180208	181	20
pdd店	1	20240108180208	182	20
pdd店	1	20240108180208	183	20
pdd店	1	20240108180208	184	20
pdd店	1	20240108180208	185	20
pdd店	1	20240108180208	186	20
pdd店	1	20240108180208	187	20
pdd店	1	20240108180208	188	20
pdd店	1	20240108180208	189	20
pdd店	1	20240108180208	190	20
pdd店	1	20240108180208	191	20
pdd店	1	20240108180208	192	20
pdd店	1	20240108180208	193	20
pdd店	1	20240108180208	194	20
pdd店	1	20240108180208	195	20
pdd店	1	20240108180208	196	20
pdd店	1	20240108180208	197	20
pdd店	1	20240108180208	198	20
pdd店	1	20240108180208	199	20
pdd店	1	20240108180208	200	20
pdd店	1	20240108180208	201	20
pdd店	1	20240108180208	202	20
pdd店	1	20240108180208	203	20
pdd店	1	20240108180208	204	20
pdd店	1	20240108180208	205	20
pdd店	1	20240108180208	206	20
pdd店	1	20240108180208	207	20
pdd店	1	20240108180208	208	20
pdd店	1	20240108180208	209	20
pdd店	1	20240108180208	210	20
pdd店	1	20240108180208	211	20
pdd店	1	20240108180208	212	20
pdd店	1	20240108180208	213	20
pdd店	1	20240108180208	214	20
pdd店	1	20240108180208	215	20
pdd店	1	20240108180208	216	20
pdd店	1	20240108180208	217	20
pdd店	1	20240108180208	218	20
pdd店	1	20240108180208	219	20
pdd店	1	20240108180208	220	20
pdd店	1	20240108180208	221	20
pdd店	1	20240108180208	222	20
pdd店	1	20240108180208	223	20
pdd店	1	20240108180208	224	20
pdd店	1	20240108180208	225	20
pdd店	1	20240108180208	226	20
pdd店	1	20240108180208	227	20
pdd店	1	20240108180208	228	20
pdd店	1	20240108180208	229	20
pdd店	1	20240108180208	230	20
pdd店	1	20240108180208	231	20
pdd店	1	20240108180208	232	20
pdd店	1	20240108180208	233	20
pdd店	1	20240108180208	234	20
pdd店	1	20240108180208	235	20
pdd店	1	20240108180208	236	20
pdd店	1	20240108180208	237	20
pdd店	1	20240108180208	238	20
pdd店	1	20240108180208	239	20
pdd店	1	20240108180208	240	20
pdd店	1	20240108180208	241	20
pdd店	1	20240108180208	242	20
pdd店	1	20240108180208	243	20
pdd店	1	20240108180208	244	20
pdd店	1	20240108180208	245	20
pdd店	1	20240108180208	246	20
pdd店	1	20240108180208	247	20
pdd店	1	20240108180208	248	20
pdd店	1	20240108180208	249	20
pdd店	1	20240108180208	250	20
pdd店	1	20240108180208	251	20
pdd店	1	20240108180208	252	20
pdd店	1	20240108180208	253	20
pdd店	1	20240108180208	254	20
pdd店	1	20240108180208	255	20
pdd店	1	20240108180208	256	20
pdd店	1	20240108180208	257	20
pdd店	1	20240108180208	258	20
pdd店	1	20240108180208	259	20
pdd店	1	20240108180208	260	20
pdd店	1	20240108180208	261	20
pdd店	1	20240108180208	262	20
pdd店	1	20240108180208	263	20
pdd店	1	20240108180208	264	20
pdd店	1	20240108180208	265	20
pdd店	1	20240108180208	266	20
pdd店	1	20240108180208	267	20
pdd店	1	20240108180208	268	20
pdd店	1	20240108180208	269	20
pdd店	1	20240108180208	270	20
pdd店	1	20240108180208	271	20
pdd店	1	20240108180208	272	20
pdd店	1	20240108180208	273	20
pdd店	1	20240108180208	274	20
pdd店	1	20240108180208	275	20
pdd店	1	20240108180208	276	20
pdd店	1	20240108180208	277	20
pdd店	1	20240108180314	0	20
pdd店	1	20240108180314	1	20
pdd店	1	20240108180314	2	20
pdd店	1	20240108180314	3	20
pdd店	1	20240108180314	4	20
pdd店	1	20240108180314	5	20
pdd店	1	20240108180314	6	20
pdd店	1	20240108180314	7	20
pdd店	1	20240108180314	8	20
pdd店	1	20240108180314	9	20
pdd店	1	20240108180314	10	20
pdd店	1	20240108180314	11	20
pdd店	1	20240108180314	12	20
pdd店	1	20240108180314	13	20
pdd店	1	20240108180314	14	20
pdd店	1	20240108180314	15	20
pdd店	1	20240108180314	16	20
pdd店	1	20240108180314	17	20
pdd店	1	20240108180314	18	20
pdd店	1	20240108180314	19	20
pdd店	1	20240108180314	20	20
pdd店	1	20240108180314	21	20
pdd店	1	20240108180314	22	20
pdd店	1	20240108180314	23	20
pdd店	1	20240108180314	24	20
pdd店	1	20240108180314	25	20
pdd店	1	20240108180314	26	20
pdd店	1	20240108180314	27	20
pdd店	1	20240108180314	28	20
pdd店	1	20240108180314	29	20
pdd店	1	20240108180314	30	20
pdd店	1	20240108180314	31	20
pdd店	1	20240108180314	32	20
pdd店	1	20240108180314	33	20
pdd店	1	20240108180314	34	20
pdd店	1	20240108180314	35	20
pdd店	1	20240108180314	36	20
pdd店	1	20240108180314	37	20
pdd店	1	20240108180314	38	20
pdd店	1	20240108180314	39	20
pdd店	1	20240108180314	40	20
pdd店	1	20240108180314	41	20
pdd店	1	20240108180314	42	20
pdd店	1	20240108180314	43	20
pdd店	1	20240108180314	44	20
pdd店	1	20240108180314	45	20
pdd店	1	20240108180314	46	20
pdd店	1	20240108180314	47	20
pdd店	1	20240108180314	48	20
pdd店	1	20240108180314	49	20
pdd店	1	20240108180314	50	20
pdd店	1	20240108180314	51	20
pdd店	1	20240108180314	52	20
pdd店	1	20240108180314	53	20
pdd店	1	20240108180314	54	20
pdd店	1	20240108180314	55	20
pdd店	1	20240108180314	56	20
pdd店	1	20240108180314	57	20
pdd店	1	20240108180314	58	20
pdd店	1	20240108180314	59	20
pdd店	1	20240108180314	60	20
pdd店	1	20240108180314	61	20
pdd店	1	20240108180314	62	20
pdd店	1	20240108180314	63	20
pdd店	1	20240108180314	64	20
pdd店	1	20240108180314	65	20
pdd店	1	20240108180314	66	20
pdd店	1	20240108180314	67	20
pdd店	1	20240108180314	68	20
pdd店	1	20240108180314	69	20
pdd店	1	20240108180314	70	20
pdd店	1	20240108180314	71	20
pdd店	1	20240108180314	72	20
pdd店	1	20240108180314	73	20
pdd店	1	20240108180314	74	20
pdd店	1	20240108180314	75	20
pdd店	1	20240108180314	76	20
pdd店	1	20240108180314	77	20
pdd店	1	20240108180314	78	20
pdd店	1	20240108180314	79	20
pdd店	1	20240108180314	80	20
pdd店	1	20240108180314	81	20
pdd店	1	20240108180314	82	20
pdd店	1	20240108180314	83	20
pdd店	1	20240108180741	0	20
pdd店	1	20240108180741	1	20
pdd店	1	20240108180741	2	20
pdd店	1	20240108180741	3	20
pdd店	1	20240108180741	4	20
pdd店	1	20240108180741	5	20
pdd店	1	20240108180741	6	20
pdd店	1	20240108180741	7	20
pdd店	1	20240108180741	8	20
pdd店	1	20240108180741	9	20
pdd店	1	20240108180741	10	20
pdd店	1	20240108180741	11	20
pdd店	1	20240108180741	12	20
pdd店	1	20240108180741	13	20
pdd店	1	20240108180741	14	20
pdd店	1	20240108180741	15	20
pdd店	1	20240108180741	16	20
pdd店	1	20240108180741	17	20
pdd店	1	20240108180741	18	20
pdd店	1	20240108180741	19	20
pdd店	1	20240108180741	20	20
pdd店	1	20240108180741	21	20
pdd店	1	20240108180741	22	20
pdd店	1	20240108180741	23	20
pdd店	1	20240108180741	24	20
pdd店	1	20240108180741	25	20
pdd店	1	20240108180741	26	20
pdd店	1	20240108180741	27	20
pdd店	1	20240108180741	28	20
pdd店	1	20240108180741	29	20
pdd店	1	20240108180741	30	20
pdd店	1	20240108180741	31	20
pdd店	1	20240108180741	32	20
pdd店	1	20240108180741	33	20
pdd店	1	20240108180741	34	20
pdd店	1	20240108180741	35	20
pdd店	1	20240108180741	36	20
pdd店	1	20240108180741	37	20
pdd店	1	20240108180741	38	20
pdd店	1	20240108180741	39	20
pdd店	1	20240108180741	40	20
pdd店	1	20240108180741	41	20
pdd店	1	20240108180741	42	20
pdd店	1	20240108180741	43	20
pdd店	1	20240108180741	44	20
pdd店	1	20240108180741	45	20
pdd店	1	20240108180741	46	20
pdd店	1	20240108180741	47	20
pdd店	1	20240108180741	48	20
pdd店	1	20240108180741	49	20
pdd店	1	20240108180741	50	20
pdd店	1	20240108180741	51	20
pdd店	1	20240108180741	52	20
pdd店	1	20240108180741	53	20
pdd店	1	20240108180741	54	20
pdd店	1	20240108180741	55	20
pdd店	1	20240108180741	56	20
pdd店	1	20240108180741	57	20
pdd店	1	20240108180741	58	20
pdd店	1	20240108180741	59	20
pdd店	1	20240108180741	60	20
pdd店	1	20240108180741	61	20
pdd店	1	20240108180741	62	20
pdd店	1	20240108180741	63	20
pdd店	1	20240108180741	64	20
pdd店	1	20240108180741	65	20
pdd店	1	20240108180741	66	20
pdd店	1	20240108180741	67	20
pdd店	1	20240108180741	68	20
pdd店	1	20240108180741	69	20
pdd店	1	20240108180741	70	20
pdd店	1	20240108180741	71	20
pdd店	1	20240108180741	72	20
pdd店	1	20240108180741	73	20
pdd店	1	20240108180741	74	20
pdd店	1	20240108180741	75	20
pdd店	1	20240108180741	76	20
pdd店	1	20240108180741	77	20
pdd店	1	20240108180741	78	20
pdd店	1	20240108181511	0	20
pdd店	1	20240108181511	1	20
pdd店	1	20240108181511	2	20
pdd店	1	20240108181511	3	20
pdd店	1	20240108181511	4	20
pdd店	1	20240108181511	5	20
pdd店	1	20240108181511	6	20
pdd店	1	20240108181511	7	20
pdd店	1	20240108181511	8	20
pdd店	1	20240108181511	9	20
pdd店	1	20240108181511	10	20
pdd店	1	20240108181511	11	20
pdd店	1	20240108181511	12	20
pdd店	1	20240108181511	13	20
pdd店	1	20240108181511	14	20
pdd店	1	20240108181511	15	20
pdd店	1	20240108181511	16	20
pdd店	1	20240108181511	17	20
pdd店	1	20240108181511	18	20
pdd店	1	20240108181511	19	20
pdd店	1	20240108181511	20	20
pdd店	1	20240108181511	21	20
pdd店	1	20240108181511	22	20
pdd店	1	20240108181511	23	20
pdd店	1	20240108181511	24	20
pdd店	1	20240108181511	25	20
pdd店	1	20240108181511	26	20
pdd店	1	20240108181511	27	20
pdd店	1	20240108181511	28	20
pdd店	1	20240108181511	29	20
pdd店	1	20240108181511	30	20
pdd店	1	20240108181511	31	20
pdd店	1	20240108181511	32	20
pdd店	1	20240108181511	33	20
pdd店	1	20240108181511	34	20
pdd店	1	20240108181511	35	20
pdd店	1	20240108181511	36	20
pdd店	1	20240108181511	37	20
pdd店	1	20240108181511	38	20
pdd店	1	20240108181511	39	20
pdd店	1	20240108181511	40	20
pdd店	1	20240108181511	41	20
pdd店	1	20240108181511	42	20
pdd店	1	20240108181511	43	20
pdd店	1	20240108181511	44	20
pdd店	1	20240108181511	45	20
pdd店	1	20240108181511	46	20
pdd店	1	20240108181511	47	20
pdd店	1	20240108181511	48	20
pdd店	1	20240108181511	49	20
pdd店	1	20240108181511	50	20
pdd店	1	20240108181511	51	20
pdd店	1	20240108181511	52	20
pdd店	1	20240108181511	53	20
pdd店	1	20240108181511	54	20
pdd店	1	20240108181511	55	20
pdd店	1	20240108181511	56	20
pdd店	1	20240108181511	57	20
pdd店	1	20240108181511	58	20
pdd店	1	20240108181511	59	20
pdd店	1	20240108181511	60	20
pdd店	1	20240108181511	61	20
pdd店	1	20240108181511	62	20
pdd店	1	20240108181511	63	20
pdd店	1	20240108181511	64	20
pdd店	1	20240108181511	65	20
pdd店	1	20240108181511	66	20
pdd店	1	20240108181511	67	20
pdd店	1	20240108181511	68	20
pdd店	1	20240108181511	69	20
pdd店	1	20240108181511	70	20
pdd店	1	20240108181511	71	20
pdd店	1	20240108181511	72	20
pdd店	1	20240108181511	73	20
pdd店	1	20240108181511	74	20
pdd店	1	20240108181511	75	20
pdd店	1	20240108181511	76	20
pdd店	1	20240108181511	77	20
pdd店	1	20240108181511	78	20
pdd店	1	20240108181511	79	20
pdd店	1	20240108181511	80	20
pdd店	1	20240108181511	81	20
pdd店	1	20240108181511	82	20
pdd店	1	20240108181511	83	20
pdd店	1	20240108181511	84	20
pdd店	1	20240108181511	85	20
pdd店	1	20240108181511	86	20
pdd店	1	20240108181511	87	20
pdd店	1	20240108181511	88	20
pdd店	1	20240108181511	89	20
pdd店	1	20240108181511	90	20
pdd店	1	20240108181511	91	20
pdd店	1	20240108181511	92	20
pdd店	1	20240108181511	93	20
pdd店	1	20240108181511	94	20
pdd店	1	20240108181511	95	20
pdd店	1	20240108181511	96	20
pdd店	1	20240108181511	97	20
pdd店	1	20240108181511	98	20
pdd店	1	20240108182112	0	20
pdd店	1	20240108182112	1	20
pdd店	1	20240108182112	2	20
pdd店	1	20240108182112	3	20
pdd店	1	20240108182112	4	20
pdd店	1	20240108182112	5	20
pdd店	1	20240108182112	6	20
pdd店	1	20240108182112	7	20
pdd店	1	20240108182112	8	20
pdd店	1	20240108182112	9	20
pdd店	1	20240108182112	10	20
pdd店	1	20240108182112	11	20
pdd店	1	20240108182112	12	20
pdd店	1	20240108182112	13	20
pdd店	1	20240108182112	14	20
pdd店	1	20240108182112	15	20
pdd店	1	20240108182112	16	20
pdd店	1	20240108182112	17	20
pdd店	1	20240108182112	18	20
pdd店	1	20240108182112	19	20
pdd店	1	20240108182112	20	20
pdd店	1	20240108182112	21	20
pdd店	1	20240108182136	0	20
pdd店	1	20240108182136	1	20
pdd店	1	20240108182136	2	20
pdd店	1	20240108182136	3	20
pdd店	1	20240108182136	4	20
pdd店	1	20240108182136	5	20
pdd店	1	20240108182136	6	20
pdd店	1	20240108182136	7	20
pdd店	1	20240108182136	8	20
pdd店	1	20240108182136	9	20
pdd店	1	20240108182136	10	20
pdd店	1	20240108182136	11	20
pdd店	1	20240108182136	12	20
pdd店	1	20240108182136	13	20
pdd店	1	20240108182136	14	20
pdd店	1	20240108182136	15	20
pdd店	1	20240108182136	16	20
pdd店	1	20240108182136	17	20
pdd店	1	20240108182136	18	20
pdd店	1	20240108182136	19	20
pdd店	1	20240108182136	20	20
pdd店	1	20240108182136	21	20
pdd店	1	20240108182136	22	20
pdd店	1	20240108182136	23	20
pdd店	1	20240108182136	24	20
pdd店	1	20240108182136	25	20
pdd店	1	20240108182136	26	20
pdd店	1	20240108182136	27	20
pdd店	1	20240108182136	28	20
pdd店	1	20240108182136	29	20
pdd店	1	20240108182136	30	20
pdd店	1	20240108182136	31	20
pdd店	1	20240108182136	32	20
pdd店	1	20240108182136	33	20
pdd店	1	20240108182136	34	20
pdd店	1	20240108182136	35	20
pdd店	1	20240108182136	36	20
pdd店	1	20240108182136	37	20
pdd店	1	20240108182136	38	20
pdd店	1	20240108182136	39	20
pdd店	1	20240108182136	40	20
pdd店	1	20240108182136	41	20
pdd店	1	20240108182136	42	20
pdd店	1	20240108182136	43	20
pdd店	1	20240108182136	44	20
pdd店	1	20240108182136	45	20
pdd店	1	20240108182136	46	20
pdd店	1	20240108182136	47	20
pdd店	1	20240108182136	48	20
pdd店	1	20240108182136	49	20
pdd店	1	20240108182136	50	20
pdd店	1	20240108182136	51	20
pdd店	1	20240108182136	52	20
pdd店	1	20240108182136	53	20
pdd店	1	20240108182136	54	20
pdd店	1	20240108182136	55	20
pdd店	1	20240108182136	56	20
pdd店	1	20240108182136	57	20
pdd店	1	20240108182136	58	20
pdd店	1	20240108182136	59	20
pdd店	1	20240108182136	60	20
pdd店	1	20240108182136	61	20
pdd店	1	20240108182136	62	20
pdd店	1	20240108182136	63	20
pdd店	1	20240108182136	64	20
pdd店	1	20240108182136	65	20
pdd店	1	20240108182136	66	20
pdd店	1	20240108182151	0	20
pdd店	1	20240108182151	1	20
pdd店	1	20240108182151	2	20
pdd店	1	20240108182151	3	20
pdd店	1	20240108182151	4	20
pdd店	1	20240108182151	5	20
pdd店	1	20240108182151	6	20
pdd店	1	20240108182151	7	20
pdd店	1	20240108182151	8	20
pdd店	1	20240108182151	9	20
pdd店	1	20240108182151	10	20
pdd店	1	20240108182151	11	20
pdd店	1	20240108182151	12	20
pdd店	1	20240108182151	13	20
pdd店	1	20240108182151	14	20
pdd店	1	20240108182151	15	20
pdd店	1	20240108182151	16	20
pdd店	1	20240108182151	17	20
pdd店	1	20240108182151	18	20
pdd店	1	20240108182151	19	20
pdd店	1	20240108182151	20	20
pdd店	1	20240108182151	21	20
pdd店	1	20240108182151	22	20
pdd店	1	20240108182151	23	20
pdd店	1	20240108182151	24	20
pdd店	1	20240108182151	25	20
pdd店	1	20240108182151	26	20
pdd店	1	20240108182151	27	20
pdd店	1	20240108182151	28	20
pdd店	1	20240108182151	29	20
pdd店	1	20240108182151	30	20
pdd店	1	20240108182151	31	20
pdd店	1	20240108182151	32	20
pdd店	1	20240108182151	33	20
pdd店	1	20240108182151	34	20
pdd店	1	20240108182151	35	20
pdd店	1	20240108182151	36	20
pdd店	1	20240108182151	37	20
pdd店	1	20240108182151	38	20
pdd店	1	20240108182151	39	20
pdd店	1	20240108182151	40	20
pdd店	1	20240108182151	41	20
pdd店	1	20240108182151	42	20
pdd店	1	20240108182151	43	20
pdd店	1	20240108182151	44	20
pdd店	1	20240108182151	45	20
pdd店	1	20240108182151	46	20
pdd店	1	20240108182151	47	20
pdd店	1	20240108182151	48	20
pdd店	1	20240108182151	49	20
pdd店	1	20240108182151	50	20
pdd店	1	20240108182151	51	20
pdd店	1	20240108182151	52	20
pdd店	1	20240108182151	53	20
