旗舰店	020231121113900	0	34
旗舰店	20231121113900	0	34
旗舰店	20231121113900	1	34
旗舰店	20231121113900	2	34
旗舰店	20231121113900	3	34
旗舰店	20231121113900	4	34
旗舰店	20231121113900	5	34
旗舰店	20231121113900	6	34
旗舰店	20231121113900	7	34
旗舰店	20231121113900	8	34
旗舰店	20231121113900	9	34
旗舰店	20231121113900	10	34
旗舰店	20231121113900	11	34
旗舰店	20231121113900	12	34
旗舰店	20231121113900	13	34
旗舰店	20231121113900	14	34
旗舰店	20231121113900	15	34
旗舰店	20231121113900	16	34
旗舰店	20231121113900	17	34
旗舰店	20231121113900	18	34
旗舰店	20231121113900	19	34
旗舰店	20231121113900	20	34
旗舰店	20231121113900	21	34
旗舰店	20231121113900	22	34
旗舰店	20231121113900	23	34
旗舰店	20231121113900	24	34
旗舰店	20231121113900	25	34
旗舰店	20231121113900	26	34
旗舰店	20231121113900	27	34
旗舰店	20231121113900	28	34
旗舰店	20231121113900	29	34
旗舰店	20231121113900	30	34
旗舰店	20231121113900	31	34
旗舰店	20231121113900	32	34
旗舰店	20231121113900	33	34
旗舰店	20231121113900	34	34
旗舰店	20231121113900	35	34
旗舰店	20231121113900	36	34
旗舰店	20231121113900	37	34
旗舰店	20231121113900	38	34
旗舰店	20231121113900	39	34
旗舰店	20231121113900	40	34
旗舰店	20231121113900	41	34
旗舰店	20231121113900	42	34
旗舰店	20231121113900	43	34
旗舰店	20231121113900	44	34
旗舰店	20231121113900	45	34
旗舰店	20231121113900	46	34
旗舰店	20231121113900	47	34
旗舰店	20231121113900	48	34
旗舰店	20231121113900	49	34
旗舰店	20231121113900	50	34
旗舰店	20231121113900	51	34
旗舰店	20231121113900	52	34
旗舰店	20231121113900	53	34
旗舰店	20231121113900	54	34
旗舰店	20231121113900	55	34
旗舰店	20231121113900	56	34
旗舰店	20231121113900	57	34
旗舰店	20231121113900	58	34
旗舰店	20231121113900	59	34
旗舰店	20231121113900	60	34
旗舰店	20231121113900	61	34
旗舰店	20231121113900	62	34
旗舰店	20231121113900	63	34
旗舰店	20231121113900	64	34
旗舰店	20231121113900	65	34
旗舰店	20231121113900	66	34
旗舰店	20231121113900	67	34
旗舰店	20231121113900	68	34
旗舰店	20231121113900	69	34
旗舰店	20231121113900	70	34
旗舰店	20231121113900	71	34
旗舰店	20231121113900	72	34
旗舰店	20231121113900	73	34
旗舰店	20231121113900	74	34
旗舰店	20231121113900	75	34
旗舰店	20231121113900	76	34
旗舰店	20231121113900	77	34
