旗舰店	020231121113133	0	20
旗舰店	20231121113133	0	20
旗舰店	20231121113133	1	20
旗舰店	20231121113133	2	20
旗舰店	20231121113133	3	20
旗舰店	20231121113133	4	20
旗舰店	20231121113133	5	20
旗舰店	20231121113133	6	20
旗舰店	20231121113133	7	20
旗舰店	20231121113133	8	20
旗舰店	20231121113133	9	20
旗舰店	20231121113133	10	20
旗舰店	20231121113133	11	20
旗舰店	20231121113133	12	20
旗舰店	20231121113133	13	20
旗舰店	20231121113133	14	20
旗舰店	20231121113133	15	20
旗舰店	20231121113133	16	20
旗舰店	20231121113133	17	20
旗舰店	20231121113133	18	20
旗舰店	20231121113133	19	20
旗舰店	20231121113133	20	20
旗舰店	20231121113133	21	20
旗舰店	20231121113133	22	20
旗舰店	20231121113133	23	20
旗舰店	20231121113133	24	20
旗舰店	20231121113133	25	20
旗舰店	20231121113133	26	20
旗舰店	20231121113133	27	20
旗舰店	20231121113133	28	20
旗舰店	20231121113133	29	20
旗舰店	20231121113133	30	20
旗舰店	20231121113133	31	20
旗舰店	20231121113133	32	20
旗舰店	20231121113133	33	20
旗舰店	20231121113133	34	20
旗舰店	20231121113133	35	20
旗舰店	20231121113133	36	20
旗舰店	20231121113133	37	20
旗舰店	20231121113133	38	20
旗舰店	20231121113133	39	20
旗舰店	20231121113133	40	20
旗舰店	20231121113133	41	20
旗舰店	20231121113133	42	20
旗舰店	20231121113133	43	20
旗舰店	20231121113133	44	20
旗舰店	20231121113133	45	20
旗舰店	20231121113133	46	20
旗舰店	20231121113133	47	20
旗舰店	20231121113133	48	20
旗舰店	20231121113133	49	20
旗舰店	20231121113133	50	20
旗舰店	20231121113133	51	20
旗舰店	20231121113133	52	20
旗舰店	20231121113133	53	20
旗舰店	20231121113133	54	20
旗舰店	20231121113133	55	20
旗舰店	20231121113133	56	20
旗舰店	20231121113133	57	20
旗舰店	20231121113133	58	20
旗舰店	20231121113133	59	20
旗舰店	20231121113133	60	20
旗舰店	20231121113133	61	20
旗舰店	20231121113133	62	20
旗舰店	20231121113133	63	20
旗舰店	20231121113133	64	20
旗舰店	20231121113133	65	20
旗舰店	20231121113133	66	20
旗舰店	20231121113133	67	20
旗舰店	20231121113133	68	20
旗舰店	20231121113133	69	20
旗舰店	20231121113133	70	20
旗舰店	20231121113133	71	20
旗舰店	20231121113133	72	20
旗舰店	20231121113133	73	20
旗舰店	20231121113133	74	20
旗舰店	20231121113133	75	20
旗舰店	20231121113133	76	20
旗舰店	20231121113133	77	20
旗舰店	20231121113133	78	20
旗舰店	20231121113133	79	20
旗舰店	20231121113133	80	20
旗舰店	20231121113133	81	20
旗舰店	20231121113133	82	20
旗舰店	20231121113133	83	20
旗舰店	20231121113133	84	20
旗舰店	20231121113133	85	20
旗舰店	20231121113133	86	20
旗舰店	20231121113133	87	20
旗舰店	20231121113133	88	20
旗舰店	20231121113133	89	20
旗舰店	20231121113133	90	20
旗舰店	20231121113133	91	20
旗舰店	20231121113133	92	20
旗舰店	20231121113133	93	20
旗舰店	20231121113133	94	20
旗舰店	20231121113133	95	20
旗舰店	20231121113133	96	20
旗舰店	20231121113133	97	20
旗舰店	20231121113133	98	20
旗舰店	20231121113133	99	20
旗舰店	20231121113133	100	20
旗舰店	20231121113133	101	20
旗舰店	20231121113133	102	20
旗舰店	20231121113133	103	20
旗舰店	20231121113133	104	20
旗舰店	20231121113133	105	20
旗舰店	20231121113133	106	20
旗舰店	20231121113133	107	20
旗舰店	20231121113133	108	20
旗舰店	20231121113133	109	20
旗舰店	20231121113133	110	20
旗舰店	20231121113133	111	20
旗舰店	20231121113133	112	20
旗舰店	20231121113133	113	20
旗舰店	20231121113133	114	20
旗舰店	20231121113133	115	20
旗舰店	20231121113133	116	20
旗舰店	20231121113133	117	20
旗舰店	20231121113133	118	20
旗舰店	20231121113133	119	20
旗舰店	20231121113133	120	20
旗舰店	20231121113133	121	20
旗舰店	20231121113133	122	20
旗舰店	20231121113133	123	20
旗舰店	20231121113133	124	20
旗舰店	20231121113133	125	20
旗舰店	20231121113133	126	20
旗舰店	20231121113133	127	20
旗舰店	20231121113133	128	20
旗舰店	20231121113133	129	20
旗舰店	20231121113133	130	20
旗舰店	20231121113133	131	20
旗舰店	20231121113133	132	20
旗舰店	20231121113133	133	20
旗舰店	20231121113133	134	20
旗舰店	20231121113133	135	20
旗舰店	20231121113133	136	20
旗舰店	20231121113133	137	20
旗舰店	20231121113133	138	20
旗舰店	20231121113133	139	20
旗舰店	20231121113133	140	20
旗舰店	20231121113133	141	20
旗舰店	20231121113133	142	20
旗舰店	20231121113133	143	20
旗舰店	20231121113133	144	20
旗舰店	20231121113133	145	20
旗舰店	20231121113133	146	20
旗舰店	20231121113133	147	20
旗舰店	20231121113133	148	20
旗舰店	20231121113133	149	20
旗舰店	20231121113133	150	20
旗舰店	20231121113133	151	20
旗舰店	20231121113133	152	20
旗舰店	20231121113133	153	20
旗舰店	20231121113133	154	20
旗舰店	20231121113133	155	20
旗舰店	20231121113133	156	20
旗舰店	20231121113133	157	20
旗舰店	20231121113133	158	20
旗舰店	20231121113133	159	20
旗舰店	20231121113133	160	20
旗舰店	20231121113133	161	20
旗舰店	20231121113133	162	20
旗舰店	20231121113133	163	20
旗舰店	20231121113133	164	20
旗舰店	20231121113133	165	20
旗舰店	20231121113133	166	21
旗舰店	20231121113133	167	21
旗舰店	20231121113133	168	21
旗舰店	20231121113133	169	21
旗舰店	20231121113133	170	22
旗舰店	20231121113133	171	22
旗舰店	20231121113133	172	22
旗舰店	20231121113133	173	22
旗舰店	20231121113133	174	22
旗舰店	20231121113133	175	22
旗舰店	20231121113133	176	22
旗舰店	20231121113133	177	22
旗舰店	20231121113133	178	22
旗舰店	20231121113133	179	22
旗舰店	20231121113133	180	22
旗舰店	20231121113133	181	22
旗舰店	20231121113133	182	22
旗舰店	20231121113133	183	22
旗舰店	20231121113133	184	22
旗舰店	20231121113133	185	22
旗舰店	20231121113133	186	22
旗舰店	20231121113133	187	22
旗舰店	20231121113133	188	23
旗舰店	20231121113133	189	23
旗舰店	20231121113133	190	23
旗舰店	20231121113133	191	23
旗舰店	20231121113133	192	23
旗舰店	20231121113133	193	23
旗舰店	20231121113133	194	23
旗舰店	20231121113133	195	23
旗舰店	20231121113133	196	23
旗舰店	20231121113133	197	23
旗舰店	20231121113133	198	23
旗舰店	20231121113133	199	23
旗舰店	20231121113133	200	23
旗舰店	20231121113133	201	23
旗舰店	20231121113133	202	23
旗舰店	20231121113133	203	23
旗舰店	20231121113133	204	23
旗舰店	20231121113133	205	23
旗舰店	20231121113133	206	23
旗舰店	20231121113133	207	23
旗舰店	20231121113133	208	23
旗舰店	20231121113133	209	23
旗舰店	20231121113133	210	23
旗舰店	20231121113133	211	23
旗舰店	20231121113133	212	23
旗舰店	20231121113133	213	24
旗舰店	20231121113133	214	24
旗舰店	20231121113133	215	24
旗舰店	20231121113133	216	24
旗舰店	20231121113133	217	24
旗舰店	20231121113133	218	24
旗舰店	20231121113133	219	24
旗舰店	20231121113133	220	24
旗舰店	20231121113133	221	24
旗舰店	20231121113133	222	24
旗舰店	20231121113133	223	24
旗舰店	20231121113133	224	24
旗舰店	20231121113133	225	24
旗舰店	20231121113133	226	24
旗舰店	20231121113133	227	24
旗舰店	20231121113133	228	24
旗舰店	20231121113133	229	24
旗舰店	20231121113133	230	24
旗舰店	20231121113133	231	24
旗舰店	20231121113133	232	24
旗舰店	20231121113133	233	24
旗舰店	20231121113133	234	24
旗舰店	20231121113133	235	24
旗舰店	20231121113133	236	24
旗舰店	20231121113133	237	24
旗舰店	20231121113133	238	24
旗舰店	20231121113133	239	24
旗舰店	20231121113133	240	24
旗舰店	20231121113133	241	24
旗舰店	20231121113133	242	24
旗舰店	20231121113133	243	24
旗舰店	20231121113133	244	24
旗舰店	20231121113133	245	24
旗舰店	20231121113133	246	24
旗舰店	20231121113133	247	24
旗舰店	20231121113133	248	24
旗舰店	20231121113133	249	24
旗舰店	20231121113133	250	24
旗舰店	20231121113133	251	24
旗舰店	20231121113133	252	24
旗舰店	20231121113133	253	24
旗舰店	20231121113133	254	24
旗舰店	20231121113133	255	25
旗舰店	20231121113133	256	25
旗舰店	20231121113133	257	25
旗舰店	20231121113133	258	25
旗舰店	20231121113133	259	25
旗舰店	20231121113133	260	25
旗舰店	20231121113133	261	25
旗舰店	20231121113133	262	25
旗舰店	20231121113133	263	25
旗舰店	20231121113133	264	25
旗舰店	20231121113133	265	25
旗舰店	20231121113133	266	25
旗舰店	20231121113133	267	25
旗舰店	20231121113133	268	25
旗舰店	20231121113133	269	25
旗舰店	20231121113133	270	25
旗舰店	20231121113133	271	25
旗舰店	20231121113133	272	25
旗舰店	20231121113133	273	25
旗舰店	20231121113133	274	26
旗舰店	20231121113133	275	26
旗舰店	20231121113133	276	26
旗舰店	20231121113133	277	26
旗舰店	20231121113133	278	26
旗舰店	20231121113133	279	26
旗舰店	20231121113133	280	26
旗舰店	20231121113133	281	26
旗舰店	20231121113133	282	26
旗舰店	20231121113133	283	26
旗舰店	20231121113133	284	26
旗舰店	20231121113133	285	26
旗舰店	20231121113133	286	26
旗舰店	20231121113133	287	26
旗舰店	20231121113133	288	26
旗舰店	20231121113133	289	26
旗舰店	20231121113133	290	26
旗舰店	20231121113133	291	26
旗舰店	20231121113133	292	26
旗舰店	20231121113133	293	26
旗舰店	20231121113133	294	26
旗舰店	20231121113133	295	26
旗舰店	20231121113133	296	27
旗舰店	20231121113133	297	27
旗舰店	20231121113133	298	27
旗舰店	20231121113133	299	27
旗舰店	20231121113133	300	27
旗舰店	20231121113133	301	27
旗舰店	20231121113133	302	27
旗舰店	20231121113133	303	27
旗舰店	20231121113133	304	27
旗舰店	20231121113133	305	27
旗舰店	20231121113133	306	27
旗舰店	20231121113133	307	27
旗舰店	20231121113133	308	27
旗舰店	20231121113133	309	27
旗舰店	20231121113133	310	27
旗舰店	20231121113133	311	27
旗舰店	20231121113133	312	27
旗舰店	20231121113133	313	27
旗舰店	20231121113133	314	27
旗舰店	20231121113133	315	27
旗舰店	20231121113133	316	27
旗舰店	20231121113133	317	27
旗舰店	20231121113133	318	27
旗舰店	20231121113133	319	27
旗舰店	20231121113133	320	27
旗舰店	20231121113133	321	27
旗舰店	20231121113133	322	27
旗舰店	20231121113133	323	27
旗舰店	20231121113133	324	27
旗舰店	20231121113133	325	27
旗舰店	20231121113133	326	27
旗舰店	20231121113133	327	27
旗舰店	20231121113133	328	27
旗舰店	20231121113133	329	27
旗舰店	20231121113133	330	27
旗舰店	20231121113133	331	27
旗舰店	20231121113133	332	27
旗舰店	20231121113133	333	27
旗舰店	20231121113133	334	27
旗舰店	20231121113133	335	27
旗舰店	20231121113133	336	27
旗舰店	20231121113133	337	27
旗舰店	20231121113133	338	27
旗舰店	20231121113133	339	27
旗舰店	20231121113133	340	27
旗舰店	20231121113133	341	27
旗舰店	20231121113133	342	27
旗舰店	20231121113133	343	27
旗舰店	20231121113133	344	27
旗舰店	20231121113133	345	28
旗舰店	20231121113133	346	28
旗舰店	20231121113133	347	28
旗舰店	20231121113133	348	28
旗舰店	20231121113133	349	28
旗舰店	20231121113133	350	28
旗舰店	20231121113133	351	28
旗舰店	20231121113133	352	28
旗舰店	20231121113133	353	28
旗舰店	20231121113133	354	28
旗舰店	20231121113133	355	28
旗舰店	20231121113133	356	28
旗舰店	20231121113133	357	28
旗舰店	20231121113133	358	28
旗舰店	20231121113133	359	28
旗舰店	20231121113133	360	28
旗舰店	20231121113133	361	28
旗舰店	20231121113133	362	28
旗舰店	20231121113133	363	28
旗舰店	20231121113133	364	28
旗舰店	20231121113133	365	28
旗舰店	20231121113133	366	28
旗舰店	20231121113133	367	28
旗舰店	20231121113133	368	29
旗舰店	20231121113133	369	29
旗舰店	20231121113133	370	29
旗舰店	20231121113133	371	29
旗舰店	20231121113133	372	29
旗舰店	20231121113133	373	29
旗舰店	20231121113133	374	29
旗舰店	20231121113133	375	29
旗舰店	20231121113133	376	29
旗舰店	20231121113133	377	29
旗舰店	20231121113133	378	29
旗舰店	20231121113133	379	29
旗舰店	20231121113133	380	29
旗舰店	20231121113133	381	29
旗舰店	20231121113133	382	29
旗舰店	20231121113133	383	29
旗舰店	20231121113133	384	29
旗舰店	20231121113133	385	29
旗舰店	20231121113133	386	29
旗舰店	20231121113133	387	29
旗舰店	20231121113133	388	29
旗舰店	20231121113133	389	29
旗舰店	20231121113133	390	29
旗舰店	20231121113133	391	29
旗舰店	20231121113133	392	29
旗舰店	20231121113133	393	29
旗舰店	20231121113133	394	29
旗舰店	20231121113133	395	29
旗舰店	20231121113133	396	29
旗舰店	20231121113133	397	29
旗舰店	20231121113133	398	29
旗舰店	20231121113133	399	29
旗舰店	20231121113133	400	29
旗舰店	20231121113133	401	29
旗舰店	20231121113133	402	29
旗舰店	20231121113133	403	29
旗舰店	20231121113133	404	29
旗舰店	20231121113133	405	29
旗舰店	20231121113133	406	29
旗舰店	20231121113133	407	29
旗舰店	20231121113133	408	29
旗舰店	20231121113133	409	29
旗舰店	20231121113133	410	29
旗舰店	20231121113133	411	29
旗舰店	20231121113133	412	29
旗舰店	20231121113133	413	29
旗舰店	20231121113133	414	29
旗舰店	20231121113133	415	29
旗舰店	20231121113133	416	29
旗舰店	20231121113133	417	29
旗舰店	20231121113133	418	29
旗舰店	20231121113133	419	29
旗舰店	20231121113133	420	29
旗舰店	20231121113133	421	29
旗舰店	20231121113133	422	29
旗舰店	20231121113133	423	29
旗舰店	20231121113133	424	29
旗舰店	20231121113133	425	29
旗舰店	20231121113133	426	29
旗舰店	20231121113133	427	29
旗舰店	20231121113133	428	29
旗舰店	20231121113133	429	29
旗舰店	20231121113133	430	29
旗舰店	20231121113133	431	29
旗舰店	20231121113133	432	29
旗舰店	20231121113133	433	29
旗舰店	20231121113133	434	29
旗舰店	20231121113133	435	29
旗舰店	20231121113133	436	29
旗舰店	20231121113133	437	29
旗舰店	20231121113133	438	29
旗舰店	20231121113133	439	29
旗舰店	20231121113133	440	29
旗舰店	20231121113133	441	29
旗舰店	20231121113133	442	29
旗舰店	20231121113133	443	29
旗舰店	20231121113133	444	29
旗舰店	20231121113133	445	29
旗舰店	20231121113133	446	29
旗舰店	20231121113133	447	29
旗舰店	20231121113133	448	29
旗舰店	20231121113133	449	30
旗舰店	20231121113133	450	30
旗舰店	20231121113133	451	30
旗舰店	20231121113133	452	30
旗舰店	20231121113133	453	30
旗舰店	20231121113133	454	30
旗舰店	20231121113133	455	30
旗舰店	20231121113133	456	30
旗舰店	20231121113133	457	30
旗舰店	20231121113133	458	30
旗舰店	20231121113133	459	30
旗舰店	20231121113133	460	30
旗舰店	20231121113133	461	30
旗舰店	20231121113133	462	30
旗舰店	20231121113133	463	30
旗舰店	20231121113133	464	30
旗舰店	20231121113133	465	30
旗舰店	20231121113133	466	30
旗舰店	20231121113133	467	30
旗舰店	20231121113133	468	30
旗舰店	20231121113133	469	30
旗舰店	20231121113133	470	30
旗舰店	20231121113133	471	30
旗舰店	20231121113133	472	30
旗舰店	20231121113133	473	30
旗舰店	20231121113133	474	30
旗舰店	20231121113133	475	30
旗舰店	20231121113133	476	30
旗舰店	20231121113133	477	30
旗舰店	20231121113133	478	30
旗舰店	20231121113133	479	30
旗舰店	20231121113133	480	30
旗舰店	20231121113133	481	30
旗舰店	20231121113133	482	30
旗舰店	20231121113133	483	30
旗舰店	20231121113133	484	30
旗舰店	20231121113133	485	30
旗舰店	20231121113133	486	30
旗舰店	20231121113133	487	30
旗舰店	20231121113133	488	30
旗舰店	20231121113133	489	30
旗舰店	20231121113133	490	30
旗舰店	20231121113133	491	30
旗舰店	20231121113133	492	30
旗舰店	20231121113133	493	30
旗舰店	20231121113133	494	30
旗舰店	20231121113133	495	30
旗舰店	20231121113133	496	30
旗舰店	20231121113133	497	30
旗舰店	20231121113133	498	30
旗舰店	20231121113133	499	30
旗舰店	20231121113133	500	30
旗舰店	20231121113133	501	30
旗舰店	20231121113133	502	30
旗舰店	20231121113133	503	30
旗舰店	20231121113133	504	30
旗舰店	20231121113133	505	30
旗舰店	20231121113133	506	30
旗舰店	20231121113133	507	30
旗舰店	20231121113133	508	30
旗舰店	20231121113133	509	30
旗舰店	20231121113133	510	30
旗舰店	20231121113133	511	30
旗舰店	20231121113133	512	30
旗舰店	20231121113133	513	30
旗舰店	20231121113133	514	30
旗舰店	20231121113133	515	30
旗舰店	20231121113133	516	30
旗舰店	20231121113133	517	30
旗舰店	20231121113133	518	30
旗舰店	20231121113133	519	30
旗舰店	20231121113133	520	30
旗舰店	20231121113133	521	30
旗舰店	20231121113133	522	30
旗舰店	20231121113133	523	30
旗舰店	20231121113133	524	30
旗舰店	20231121113133	525	30
旗舰店	20231121113133	526	30
旗舰店	20231121113133	527	30
旗舰店	20231121113133	528	30
旗舰店	20231121113133	529	30
旗舰店	20231121113133	530	30
旗舰店	20231121113133	531	30
旗舰店	20231121113133	532	30
旗舰店	20231121113133	533	30
旗舰店	20231121113133	534	30
旗舰店	20231121113133	535	30
旗舰店	20231121113133	536	30
旗舰店	20231121113133	537	30
旗舰店	20231121113133	538	30
旗舰店	20231121113133	539	30
旗舰店	20231121113133	540	30
旗舰店	20231121113133	541	30
旗舰店	20231121113133	542	30
