pdd店	1	20240109083008	0	0
pdd店	1	20240109083008	1	0
pdd店	1	20240109083008	2	0
pdd店	1	20240109083008	3	0
pdd店	1	20240109083008	4	0
pdd店	1	20240109083008	5	0
pdd店	1	20240109083008	6	0
pdd店	1	20240109083008	7	0
pdd店	1	20240109083008	8	0
pdd店	1	20240109083008	9	0
pdd店	1	20240109083008	10	0
pdd店	1	20240109083008	11	0
pdd店	1	20240109083008	12	0
pdd店	1	20240109083008	13	0
pdd店	1	20240109083008	14	0
pdd店	1	20240109083008	15	0
pdd店	1	20240109083008	16	0
pdd店	1	20240109083008	17	0
pdd店	1	20240109083008	18	0
pdd店	1	20240109083008	19	0
pdd店	1	20240109083008	20	0
pdd店	1	20240109083008	21	0
pdd店	1	20240109083008	22	0
pdd店	1	20240109083008	23	0
pdd店	1	20240109083008	24	0
pdd店	1	20240109083008	25	0
pdd店	1	20240109083008	26	0
pdd店	1	20240109083008	27	0
pdd店	1	20240109083008	28	0
pdd店	1	20240109083008	29	0
pdd店	1	20240109083008	30	0
pdd店	1	20240109083008	31	0
pdd店	1	20240109083008	32	0
pdd店	1	20240109083008	33	0
pdd店	1	20240109083008	34	0
pdd店	1	20240109083008	35	0
pdd店	1	20240109083008	36	0
pdd店	1	20240109083008	37	0
pdd店	1	20240109083008	38	0
pdd店	1	20240109083008	39	0
pdd店	1	20240109083008	40	0
pdd店	1	20240109083008	41	0
pdd店	1	20240109083008	42	0
pdd店	1	20240109083008	43	0
pdd店	1	20240109083008	44	0
pdd店	1	20240109083008	45	0
pdd店	1	20240109083008	46	0
pdd店	1	20240109083008	47	0
pdd店	1	20240109083008	48	0
pdd店	1	20240109083008	49	0
pdd店	1	20240109083008	50	0
pdd店	1	20240109083008	51	0
pdd店	1	20240109083008	52	0
pdd店	1	20240109083008	53	0
pdd店	1	20240109083008	54	0
pdd店	1	20240109083008	55	0
pdd店	1	20240109083008	56	0
pdd店	1	20240109083008	57	0
pdd店	1	20240109083008	58	1
pdd店	1	20240109083008	59	1
pdd店	1	20240109083008	60	1
pdd店	1	20240109083008	61	1
pdd店	1	20240109083008	62	1
pdd店	1	20240109083008	63	1
pdd店	1	20240109083008	64	1
pdd店	1	20240109083008	65	1
pdd店	1	20240109083008	66	1
pdd店	1	20240109083008	67	1
pdd店	1	20240109083008	68	1
pdd店	1	20240109083008	69	1
pdd店	1	20240109083008	70	1
pdd店	1	20240109083008	71	1
pdd店	1	20240109083008	72	1
pdd店	1	20240109083008	73	1
pdd店	1	20240109083008	74	1
pdd店	1	20240109083008	75	1
pdd店	1	20240109083008	76	1
pdd店	1	20240109083008	77	1
pdd店	1	20240109083008	78	1
pdd店	1	20240109083008	79	1
pdd店	1	20240109083008	80	2
pdd店	1	20240109083008	81	2
pdd店	1	20240109083008	82	2
pdd店	1	20240109083008	83	2
pdd店	1	20240109083008	84	2
pdd店	1	20240109083008	85	2
pdd店	1	20240109083008	86	2
pdd店	1	20240109083008	87	2
pdd店	1	20240109083008	88	2
pdd店	1	20240109083008	89	2
pdd店	1	20240109083008	90	2
pdd店	1	20240109083008	91	2
pdd店	1	20240109083008	92	2
pdd店	1	20240109083008	93	2
pdd店	1	20240109083008	94	2
pdd店	1	20240109083008	95	2
pdd店	1	20240109083008	96	2
pdd店	1	20240109083008	97	2
pdd店	1	20240109083008	98	2
pdd店	1	20240109083008	99	2
pdd店	1	20240109083008	100	2
pdd店	1	20240109083008	101	2
pdd店	1	20240109083008	102	2
pdd店	1	20240109083008	103	2
pdd店	1	20240109083008	104	2
pdd店	1	20240109083008	105	2
pdd店	1	20240109083008	106	2
pdd店	1	20240109083008	107	2
pdd店	1	20240109083008	108	2
pdd店	1	20240109083008	109	2
pdd店	1	20240109083008	110	2
pdd店	1	20240109083008	111	2
pdd店	1	20240109083008	112	2
pdd店	1	20240109083008	113	2
pdd店	1	20240109083008	114	2
pdd店	1	20240109083008	115	2
pdd店	1	20240109083008	116	2
pdd店	1	20240109083008	117	2
pdd店	1	20240109083008	118	2
pdd店	1	20240109083008	119	2
pdd店	1	20240109083008	120	2
pdd店	1	20240109083008	121	2
pdd店	1	20240109083008	122	2
pdd店	1	20240109083008	123	2
pdd店	1	20240109083008	124	2
pdd店	1	20240109083008	125	2
pdd店	1	20240109083008	126	2
pdd店	1	20240109083008	127	2
pdd店	1	20240109083008	128	2
pdd店	1	20240109083008	129	2
pdd店	1	20240109083008	130	2
pdd店	1	20240109083008	131	2
pdd店	1	20240109083008	132	2
pdd店	1	20240109083008	133	2
pdd店	1	20240109083008	134	2
pdd店	1	20240109083008	135	2
pdd店	1	20240109083008	136	2
pdd店	1	20240109083008	137	2
pdd店	1	20240109083008	138	2
pdd店	1	20240109083008	139	2
pdd店	1	20240109083008	140	2
pdd店	1	20240109083008	141	2
pdd店	1	20240109083008	142	2
pdd店	1	20240109083008	143	2
pdd店	1	20240109083008	144	2
pdd店	1	20240109083008	145	2
pdd店	1	20240109083008	146	2
pdd店	1	20240109083008	147	2
pdd店	1	20240109083008	148	2
pdd店	1	20240109083008	149	2
pdd店	1	20240109083008	150	2
pdd店	1	20240109083008	151	2
pdd店	1	20240109083008	152	2
pdd店	1	20240109083008	153	2
pdd店	1	20240109083008	154	2
pdd店	1	20240109083008	155	2
pdd店	1	20240109083008	156	2
pdd店	1	20240109083008	157	2
pdd店	1	20240109083008	158	2
pdd店	1	20240109083008	159	2
pdd店	1	20240109083008	160	2
pdd店	1	20240109083008	161	2
pdd店	1	20240109083008	162	2
pdd店	1	20240109083008	163	2
pdd店	1	20240109083008	164	2
pdd店	1	20240109083008	165	2
pdd店	1	20240109083008	166	2
pdd店	1	20240109083008	167	2
pdd店	1	20240109083008	168	2
pdd店	1	20240109083008	169	2
pdd店	1	20240109083008	170	2
pdd店	1	20240109083008	171	2
pdd店	1	20240109083008	172	2
pdd店	1	20240109083008	173	2
pdd店	1	20240109083008	174	2
pdd店	1	20240109083008	175	2
pdd店	1	20240109083008	176	2
pdd店	1	20240109083008	177	2
pdd店	1	20240109083008	178	2
pdd店	1	20240109083008	179	2
pdd店	1	20240109083008	180	2
pdd店	1	20240109083008	181	2
pdd店	1	20240109083008	182	2
pdd店	1	20240109083008	183	2
pdd店	1	20240109083008	184	2
pdd店	1	20240109083008	185	2
pdd店	1	20240109083008	186	2
pdd店	1	20240109083008	187	2
pdd店	1	20240109083008	188	2
pdd店	1	20240109083008	189	2
pdd店	1	20240109083008	190	2
pdd店	1	20240109083008	191	2
pdd店	1	20240109083008	192	2
pdd店	1	20240109083008	193	2
pdd店	1	20240109083008	194	2
pdd店	1	20240109083008	195	2
pdd店	1	20240109083008	196	2
pdd店	1	20240109083008	197	2
pdd店	1	20240109083008	198	2
pdd店	1	20240109083008	199	2
pdd店	1	20240109083008	200	2
pdd店	1	20240109083008	201	2
pdd店	1	20240109083008	202	2
pdd店	1	20240109083008	203	2
pdd店	1	20240109083008	204	2
pdd店	1	20240109083008	205	2
pdd店	1	20240109083008	206	2
pdd店	1	20240109083008	207	2
pdd店	1	20240109083008	208	2
pdd店	1	20240109083008	209	2
pdd店	1	20240109083008	210	2
pdd店	1	20240109083008	211	2
pdd店	1	20240109083008	212	2
pdd店	1	20240109083008	213	2
pdd店	1	20240109083008	214	2
pdd店	1	20240109083008	215	2
pdd店	1	20240109083008	216	2
pdd店	1	20240109083008	217	2
pdd店	1	20240109083008	218	2
pdd店	1	20240109083008	219	2
pdd店	1	20240109083008	220	2
pdd店	1	20240109083008	221	2
pdd店	1	20240109083008	222	2
pdd店	1	20240109083008	223	2
pdd店	1	20240109083008	224	2
pdd店	1	20240109083008	225	2
pdd店	1	20240109083008	226	2
pdd店	1	20240109083008	227	2
pdd店	1	20240109083008	228	2
pdd店	1	20240109083008	229	2
pdd店	1	20240109083008	230	2
pdd店	1	20240109083008	231	2
pdd店	1	20240109083008	232	2
pdd店	1	20240109083008	233	2
pdd店	1	20240109083008	234	2
pdd店	1	20240109083008	235	2
pdd店	1	20240109083008	236	2
pdd店	1	20240109083008	237	2
pdd店	1	20240109083008	238	2
pdd店	1	20240109083008	239	2
pdd店	1	20240109083008	240	2
pdd店	1	20240109083008	241	2
pdd店	1	20240109083008	242	2
pdd店	1	20240109083008	243	2
pdd店	1	20240109083008	244	2
pdd店	1	20240109083008	245	2
pdd店	1	20240109083008	246	2
pdd店	1	20240109083008	247	2
pdd店	1	20240109083008	248	2
pdd店	1	20240109083008	249	2
pdd店	1	20240109083008	250	2
pdd店	1	20240109083008	251	2
pdd店	1	20240109083008	252	2
pdd店	1	20240109083008	253	2
pdd店	1	20240109083008	254	2
pdd店	1	20240109083008	255	2
pdd店	1	20240109083008	256	2
pdd店	1	20240109083008	257	2
pdd店	1	20240109083008	258	2
pdd店	1	20240109083008	259	2
pdd店	1	20240109083008	260	2
pdd店	1	20240109083008	261	2
pdd店	1	20240109083008	262	2
pdd店	1	20240109083008	263	2
pdd店	1	20240109083008	264	2
pdd店	1	20240109083008	265	2
pdd店	1	20240109083008	266	2
pdd店	1	20240109083008	267	2
pdd店	1	20240109083008	268	2
pdd店	1	20240109083008	269	2
pdd店	1	20240109083008	270	2
pdd店	1	20240109083008	271	2
pdd店	1	20240109083008	272	2
pdd店	1	20240109083008	273	2
pdd店	1	20240109083008	274	2
pdd店	1	20240109083008	275	2
pdd店	1	20240109083008	276	2
pdd店	1	20240109083008	277	2
pdd店	1	20240109083008	278	2
pdd店	1	20240109083008	279	2
pdd店	1	20240109083008	280	2
pdd店	1	20240109083008	281	2
pdd店	1	20240109083008	282	2
pdd店	1	20240109083008	283	2
pdd店	1	20240109083008	284	2
pdd店	1	20240109083008	285	2
pdd店	1	20240109083008	286	2
pdd店	1	20240109083008	287	2
pdd店	1	20240109083008	288	2
pdd店	1	20240109083008	289	2
pdd店	1	20240109083008	290	2
pdd店	1	20240109083008	291	2
pdd店	1	20240109083008	292	2
pdd店	1	20240109083008	293	2
pdd店	1	20240109083008	294	2
pdd店	1	20240109083008	295	2
pdd店	1	20240109083008	296	2
pdd店	1	20240109083008	297	2
pdd店	1	20240109083008	298	2
pdd店	1	20240109083008	299	2
pdd店	1	20240109083008	300	2
pdd店	1	20240109083008	301	2
pdd店	1	20240109083008	302	2
pdd店	1	20240109083008	303	2
pdd店	1	20240109083008	304	2
pdd店	1	20240109083008	305	2
pdd店	1	20240109083008	306	2
pdd店	1	20240109083008	307	2
pdd店	1	20240109083008	308	2
pdd店	1	20240109083008	309	2
pdd店	1	20240109083008	310	2
pdd店	1	20240109083008	311	2
pdd店	1	20240109083008	312	2
pdd店	1	20240109083008	313	2
pdd店	1	20240109083008	314	2
pdd店	1	20240109083008	315	2
pdd店	1	20240109083008	316	2
pdd店	1	20240109083008	317	2
pdd店	1	20240109083008	318	2
pdd店	1	20240109083008	319	2
pdd店	1	20240109083008	320	2
pdd店	1	20240109083008	321	2
pdd店	1	20240109083008	322	2
pdd店	1	20240109083008	323	2
pdd店	1	20240109083008	324	2
pdd店	1	20240109083008	325	2
pdd店	1	20240109083008	326	2
pdd店	1	20240109083008	327	2
pdd店	1	20240109083008	328	2
pdd店	1	20240109083008	329	3
pdd店	1	20240109083008	330	3
pdd店	1	20240109083008	331	3
pdd店	1	20240109083008	332	3
pdd店	1	20240109083008	333	3
pdd店	1	20240109083008	334	3
pdd店	1	20240109083008	335	3
pdd店	1	20240109083008	336	3
pdd店	1	20240109083008	337	3
pdd店	1	20240109083008	338	3
pdd店	1	20240109083008	339	3
pdd店	1	20240109083008	340	3
pdd店	1	20240109083008	341	3
pdd店	1	20240109083008	342	3
pdd店	1	20240109083008	343	3
pdd店	1	20240109083008	344	3
pdd店	1	20240109083008	345	3
pdd店	1	20240109083008	346	3
pdd店	1	20240109083008	347	3
pdd店	1	20240109083008	348	3
pdd店	1	20240109083008	349	3
pdd店	1	20240109083008	350	3
pdd店	1	20240109083008	351	3
pdd店	1	20240109083008	352	3
pdd店	1	20240109083008	353	3
pdd店	1	20240109083008	354	3
pdd店	1	20240109083008	355	3
pdd店	1	20240109083008	356	3
pdd店	1	20240109083008	357	3
pdd店	1	20240109083008	358	3
pdd店	1	20240109083008	359	3
pdd店	1	20240109083008	360	3
pdd店	1	20240109083008	361	3
pdd店	1	20240109083008	362	3
pdd店	1	20240109083008	363	3
pdd店	1	20240109083008	364	3
pdd店	1	20240109083008	365	3
pdd店	1	20240109083008	366	3
pdd店	1	20240109083008	367	3
pdd店	1	20240109083008	368	3
pdd店	1	20240109083008	369	3
pdd店	1	20240109083008	370	3
pdd店	1	20240109083008	371	3
pdd店	1	20240109083008	372	3
pdd店	1	20240109083008	373	3
pdd店	1	20240109083008	374	3
pdd店	1	20240109083008	375	3
pdd店	1	20240109083008	376	3
pdd店	1	20240109083008	377	3
pdd店	1	20240109083008	378	3
pdd店	1	20240109083008	379	3
pdd店	1	20240109083008	380	3
pdd店	1	20240109083008	381	3
pdd店	1	20240109083008	382	3
pdd店	1	20240109083008	383	3
pdd店	1	20240109083008	384	3
pdd店	1	20240109083008	385	3
pdd店	1	20240109083008	386	3
pdd店	1	20240109083008	387	3
pdd店	1	20240109083008	388	3
pdd店	1	20240109083008	389	3
pdd店	1	20240109083008	390	3
pdd店	1	20240109083008	391	3
pdd店	1	20240109083008	392	3
pdd店	1	20240109083008	393	3
pdd店	1	20240109083008	394	3
pdd店	1	20240109083008	395	3
pdd店	1	20240109083008	396	3
pdd店	1	20240109083008	397	3
pdd店	1	20240109083008	398	3
pdd店	1	20240109083008	399	3
pdd店	1	20240109083008	400	3
pdd店	1	20240109083008	401	3
pdd店	1	20240109083008	402	3
pdd店	1	20240109083008	403	3
pdd店	1	20240109083008	404	3
pdd店	1	20240109083008	405	3
pdd店	1	20240109083008	406	3
pdd店	1	20240109083008	407	3
pdd店	1	20240109083008	408	3
pdd店	1	20240109083008	409	3
pdd店	1	20240109083008	410	3
pdd店	1	20240109083008	411	3
pdd店	1	20240109083008	412	3
pdd店	1	20240109083008	413	3
pdd店	1	20240109083008	414	3
pdd店	1	20240109083008	415	3
pdd店	1	20240109083008	416	3
pdd店	1	20240109083008	417	3
pdd店	1	20240109083008	418	3
pdd店	1	20240109083008	419	3
pdd店	1	20240109083008	420	3
pdd店	1	20240109083008	421	3
pdd店	1	20240109083008	422	3
pdd店	1	20240109083008	423	3
pdd店	1	20240109083008	424	3
pdd店	1	20240109083008	425	3
pdd店	1	20240109083008	426	3
pdd店	1	20240109083008	427	3
pdd店	1	20240109083008	428	3
pdd店	1	20240109083008	429	3
pdd店	1	20240109083008	430	3
pdd店	1	20240109083008	431	3
pdd店	1	20240109083008	432	3
pdd店	1	20240109083008	433	3
pdd店	1	20240109083008	434	3
pdd店	1	20240109083008	435	3
pdd店	1	20240109083008	436	3
pdd店	1	20240109083008	437	3
pdd店	1	20240109083008	438	3
pdd店	1	20240109083008	439	3
pdd店	1	20240109083008	440	3
pdd店	1	20240109083008	441	3
pdd店	1	20240109083008	442	3
pdd店	1	20240109083008	443	3
pdd店	1	20240109083108	0	3
pdd店	1	20240109083108	1	3
pdd店	1	20240109083108	2	3
pdd店	1	20240109083108	3	3
pdd店	1	20240109083108	4	3
pdd店	1	20240109083108	5	3
pdd店	1	20240109083108	6	3
pdd店	1	20240109083108	7	3
pdd店	1	20240109083108	8	3
pdd店	1	20240109083108	9	3
pdd店	1	20240109083108	10	3
pdd店	1	20240109083108	11	3
pdd店	1	20240109083108	12	3
pdd店	1	20240109083108	13	3
pdd店	1	20240109083108	14	3
pdd店	1	20240109083108	15	3
pdd店	1	20240109083108	16	3
pdd店	1	20240109083108	17	3
pdd店	1	20240109083108	18	3
pdd店	1	20240109083108	19	3
pdd店	1	20240109083108	20	3
pdd店	1	20240109083108	21	3
pdd店	1	20240109083108	22	3
pdd店	1	20240109083108	23	3
pdd店	1	20240109083108	24	3
pdd店	1	20240109083108	25	3
pdd店	1	20240109083108	26	3
pdd店	1	20240109083108	27	3
pdd店	1	20240109083108	28	3
pdd店	1	20240109083108	29	3
pdd店	1	20240109083108	30	3
pdd店	1	20240109083108	31	3
pdd店	1	20240109083108	32	3
pdd店	1	20240109083108	33	3
pdd店	1	20240109083108	34	3
pdd店	1	20240109083108	35	3
pdd店	1	20240109083108	36	3
pdd店	1	20240109083108	37	3
pdd店	1	20240109083108	38	3
pdd店	1	20240109083108	39	3
pdd店	1	20240109083108	40	3
pdd店	1	20240109083108	41	3
pdd店	1	20240109083108	42	3
pdd店	1	20240109083108	43	3
pdd店	1	20240109083108	44	3
pdd店	1	20240109083108	45	3
pdd店	1	20240109083108	46	3
pdd店	1	20240109083108	47	3
pdd店	1	20240109083108	48	3
pdd店	1	20240109083108	49	3
pdd店	1	20240109083108	50	3
pdd店	1	20240109083108	51	3
pdd店	1	20240109083108	52	3
pdd店	1	20240109083108	53	3
pdd店	1	20240109083108	54	3
pdd店	1	20240109083108	55	3
pdd店	1	20240109083108	56	3
pdd店	1	20240109083108	57	3
pdd店	1	20240109083108	58	3
pdd店	1	20240109083108	59	3
pdd店	1	20240109083108	60	3
pdd店	1	20240109083108	61	3
pdd店	1	20240109083108	62	3
pdd店	1	20240109083108	63	3
pdd店	1	20240109083108	64	3
pdd店	1	20240109083108	65	3
pdd店	1	20240109083108	66	3
pdd店	1	20240109083108	67	3
pdd店	1	20240109083108	68	3
pdd店	1	20240109083108	69	3
pdd店	1	20240109083108	70	3
pdd店	1	20240109083108	71	3
pdd店	1	20240109083108	72	3
pdd店	1	20240109083108	73	3
pdd店	1	20240109083108	74	3
pdd店	1	20240109083108	75	3
pdd店	1	20240109083108	76	3
pdd店	1	20240109083108	77	3
pdd店	1	20240109083108	78	3
pdd店	1	20240109083108	79	3
pdd店	1	20240109083108	80	3
pdd店	1	20240109083108	81	3
pdd店	1	20240109083108	82	3
pdd店	1	20240109083108	83	3
pdd店	1	20240109083108	84	3
pdd店	1	20240109083108	85	3
pdd店	1	20240109083108	86	3
pdd店	1	20240109083108	87	3
pdd店	1	20240109083108	88	3
pdd店	1	20240109083108	89	3
pdd店	1	20240109083108	90	3
pdd店	1	20240109083108	91	3
pdd店	1	20240109083108	92	3
pdd店	1	20240109083108	93	3
pdd店	1	20240109083108	94	3
pdd店	1	20240109083108	95	3
pdd店	1	20240109083108	96	3
pdd店	1	20240109083108	97	3
pdd店	1	20240109083108	98	3
pdd店	1	20240109083108	99	3
pdd店	1	20240109083108	100	3
pdd店	1	20240109083108	101	3
pdd店	1	20240109083108	102	3
pdd店	1	20240109083108	103	3
pdd店	1	20240109083108	104	3
pdd店	1	20240109083108	105	3
pdd店	1	20240109083108	106	3
pdd店	1	20240109083108	107	3
pdd店	1	20240109083108	108	3
pdd店	1	20240109083108	109	3
pdd店	1	20240109083108	110	3
pdd店	1	20240109083108	111	3
pdd店	1	20240109083108	112	3
pdd店	1	20240109083108	113	3
pdd店	1	20240109083108	114	3
pdd店	1	20240109083108	115	3
pdd店	1	20240109083108	116	3
pdd店	1	20240109083108	117	3
pdd店	1	20240109083108	118	3
pdd店	1	20240109083108	119	3
pdd店	1	20240109083108	120	3
pdd店	1	20240109083108	121	3
pdd店	1	20240109083108	122	3
pdd店	1	20240109083108	123	3
pdd店	1	20240109083108	124	3
pdd店	1	20240109083108	125	3
pdd店	1	20240109083108	126	3
pdd店	1	20240109083108	127	3
pdd店	1	20240109083108	128	3
pdd店	1	20240109083108	129	3
pdd店	1	20240109083108	130	3
pdd店	1	20240109083108	131	3
pdd店	1	20240109083108	132	3
pdd店	1	20240109083108	133	3
pdd店	1	20240109083108	134	3
pdd店	1	20240109083108	135	3
pdd店	1	20240109083108	136	3
pdd店	1	20240109083108	137	3
pdd店	1	20240109083108	138	3
pdd店	1	20240109083108	139	3
pdd店	1	20240109083108	140	3
pdd店	1	20240109083108	141	3
pdd店	1	20240109083108	142	3
pdd店	1	20240109083108	143	3
pdd店	1	20240109083108	144	3
pdd店	1	20240109083108	145	3
pdd店	1	20240109083108	146	3
pdd店	1	20240109083108	147	3
pdd店	1	20240109083108	148	3
pdd店	1	20240109083108	149	3
pdd店	1	20240109083108	150	3
pdd店	1	20240109083108	151	3
pdd店	1	20240109083108	152	3
pdd店	1	20240109083108	153	3
pdd店	1	20240109083108	154	3
pdd店	1	20240109083108	155	3
pdd店	1	20240109083108	156	3
pdd店	1	20240109083108	157	3
pdd店	1	20240109083108	158	3
pdd店	1	20240109083108	159	3
pdd店	1	20240109083108	160	3
pdd店	1	20240109083108	161	3
pdd店	1	20240109083108	162	3
pdd店	1	20240109083108	163	3
pdd店	1	20240109083108	164	3
pdd店	1	20240109083108	165	3
pdd店	1	20240109083108	166	3
pdd店	1	20240109083108	167	3
pdd店	1	20240109083108	168	3
pdd店	1	20240109083108	169	3
pdd店	1	20240109083108	170	3
pdd店	1	20240109083108	171	3
pdd店	1	20240109083108	172	3
pdd店	1	20240109083108	173	3
pdd店	1	20240109083108	174	3
pdd店	1	20240109083108	175	3
pdd店	1	20240109083108	176	3
pdd店	1	20240109083108	177	3
pdd店	1	20240109083108	178	3
pdd店	1	20240109083108	179	3
pdd店	1	20240109083108	180	3
pdd店	1	20240109083108	181	3
pdd店	1	20240109083108	182	3
pdd店	1	20240109083108	183	3
pdd店	1	20240109083108	184	3
pdd店	1	20240109083108	185	3
pdd店	1	20240109083108	186	3
pdd店	1	20240109083108	187	3
pdd店	1	20240109083108	188	3
pdd店	1	20240109083108	189	3
pdd店	1	20240109083108	190	3
pdd店	1	20240109083108	191	3
pdd店	1	20240109083108	192	3
pdd店	1	20240109083108	193	3
pdd店	1	20240109083108	194	3
pdd店	1	20240109083108	195	3
pdd店	1	20240109083108	196	3
pdd店	1	20240109083108	197	3
pdd店	1	20240109083108	198	3
pdd店	1	20240109083108	199	3
pdd店	1	20240109083108	200	3
pdd店	1	20240109083108	201	3
pdd店	1	20240109083108	202	3
pdd店	1	20240109083108	203	3
pdd店	1	20240109083108	204	3
pdd店	1	20240109083108	205	3
pdd店	1	20240109083108	206	3
pdd店	1	20240109083108	207	3
pdd店	1	20240109083108	208	3
pdd店	1	20240109083108	209	3
pdd店	1	20240109083108	210	3
pdd店	1	20240109083108	211	3
pdd店	1	20240109083108	212	3
pdd店	1	20240109083108	213	3
pdd店	1	20240109083108	214	3
pdd店	1	20240109083108	215	3
pdd店	1	20240109083108	216	3
pdd店	1	20240109083108	217	3
pdd店	1	20240109083108	218	3
pdd店	1	20240109083108	219	3
pdd店	1	20240109083108	220	3
pdd店	1	20240109083108	221	3
pdd店	1	20240109083108	222	3
pdd店	1	20240109083108	223	3
pdd店	1	20240109083108	224	3
pdd店	1	20240109083108	225	3
pdd店	1	20240109083108	226	3
pdd店	1	20240109083108	227	3
pdd店	1	20240109083108	228	3
pdd店	1	20240109083108	229	3
pdd店	1	20240109083108	230	3
pdd店	1	20240109083108	231	3
pdd店	1	20240109083108	232	3
pdd店	1	20240109083108	233	3
pdd店	1	20240109083108	234	3
pdd店	1	20240109083108	235	3
pdd店	1	20240109083108	236	3
pdd店	1	20240109083108	237	3
pdd店	1	20240109083108	238	3
pdd店	1	20240109083108	239	3
pdd店	1	20240109083108	240	3
pdd店	1	20240109083108	241	3
pdd店	1	20240109083108	242	3
pdd店	1	20240109083108	243	3
pdd店	1	20240109083108	244	3
pdd店	1	20240109083108	245	3
pdd店	1	20240109083108	246	3
pdd店	1	20240109083108	247	3
pdd店	1	20240109083108	248	3
pdd店	1	20240109083108	249	3
pdd店	1	20240109083108	250	3
pdd店	1	20240109083108	251	3
pdd店	1	20240109083108	252	3
pdd店	1	20240109083108	253	3
pdd店	1	20240109083108	254	3
pdd店	1	20240109083108	255	3
pdd店	1	20240109083108	256	3
pdd店	1	20240109083108	257	3
pdd店	1	20240109083108	258	3
pdd店	1	20240109083108	259	3
pdd店	1	20240109083108	260	3
pdd店	1	20240109083108	261	3
pdd店	1	20240109083108	262	3
pdd店	1	20240109083108	263	3
pdd店	1	20240109083108	264	3
pdd店	1	20240109083108	265	3
pdd店	1	20240109083108	266	3
pdd店	1	20240109083108	267	3
pdd店	1	20240109083108	268	3
pdd店	1	20240109083108	269	3
pdd店	1	20240109083108	270	3
pdd店	1	20240109083108	271	3
pdd店	1	20240109083108	272	3
pdd店	1	20240109083108	273	3
pdd店	1	20240109083108	274	3
pdd店	1	20240109083108	275	3
pdd店	1	20240109083108	276	3
pdd店	1	20240109083108	277	3
pdd店	1	20240109083108	278	3
pdd店	1	20240109083108	279	3
pdd店	1	20240109083108	280	3
pdd店	1	20240109083108	281	3
pdd店	1	20240109083108	282	3
pdd店	1	20240109083108	283	3
pdd店	1	20240109083108	284	3
pdd店	1	20240109083108	285	3
pdd店	1	20240109083108	286	3
pdd店	1	20240109083108	287	3
pdd店	1	20240109083108	288	3
pdd店	1	20240109083108	289	3
pdd店	1	20240109083108	290	3
pdd店	1	20240109083108	291	3
pdd店	1	20240109083108	292	3
pdd店	1	20240109083108	293	3
pdd店	1	20240109083108	294	3
pdd店	1	20240109083108	295	3
pdd店	1	20240109083108	296	3
pdd店	1	20240109083108	297	3
pdd店	1	20240109083108	298	3
pdd店	1	20240109083108	299	3
pdd店	1	20240109083108	300	3
pdd店	1	20240109083108	301	3
pdd店	1	20240109083108	302	3
pdd店	1	20240109083108	303	3
pdd店	1	20240109083108	304	3
pdd店	1	20240109083108	305	3
pdd店	1	20240109083108	306	3
pdd店	1	20240109083108	307	3
pdd店	1	20240109083108	308	3
pdd店	1	20240109083108	309	3
pdd店	1	20240109083108	310	3
pdd店	1	20240109083108	311	3
pdd店	1	20240109083108	312	3
pdd店	1	20240109083108	313	3
pdd店	1	20240109083108	314	3
pdd店	1	20240109083108	315	3
pdd店	1	20240109083108	316	3
pdd店	1	20240109083108	317	3
pdd店	1	20240109083108	318	3
pdd店	1	20240109083108	319	3
pdd店	1	20240109083108	320	3
pdd店	1	20240109083108	321	3
pdd店	1	20240109083108	322	3
pdd店	1	20240109083108	323	3
pdd店	1	20240109083108	324	3
pdd店	1	20240109083108	325	3
pdd店	1	20240109083108	326	3
pdd店	1	20240109083108	327	3
pdd店	1	20240109083108	328	3
pdd店	1	20240109083108	329	3
pdd店	1	20240109083108	330	3
pdd店	1	20240109083108	331	3
pdd店	1	20240109083108	332	3
pdd店	1	20240109083108	333	3
pdd店	1	20240109083108	334	3
pdd店	1	20240109083108	335	3
pdd店	1	20240109083108	336	3
pdd店	1	20240109083108	337	3
pdd店	1	20240109083108	338	3
pdd店	1	20240109083108	339	3
pdd店	1	20240109083108	340	3
pdd店	1	20240109083108	341	3
pdd店	1	20240109083108	342	3
pdd店	1	20240109083108	343	3
pdd店	1	20240109083108	344	3
pdd店	1	20240109083108	345	3
pdd店	1	20240109083108	346	3
pdd店	1	20240109083108	347	3
pdd店	1	20240109083108	348	3
pdd店	1	20240109083108	349	3
pdd店	1	20240109083108	350	3
pdd店	1	20240109083108	351	3
pdd店	1	20240109083108	352	3
pdd店	1	20240109083108	353	3
pdd店	1	20240109083108	354	3
pdd店	1	20240109083108	355	3
pdd店	1	20240109083108	356	3
pdd店	1	20240109083108	357	3
pdd店	1	20240109083108	358	3
pdd店	1	20240109083108	359	3
pdd店	1	20240109083108	360	3
pdd店	1	20240109083108	361	3
pdd店	1	20240109083108	362	3
pdd店	1	20240109083108	363	3
pdd店	1	20240109083108	364	3
pdd店	1	20240109083108	365	3
pdd店	1	20240109083108	366	3
pdd店	1	20240109083108	367	3
pdd店	1	20240109083108	368	3
pdd店	1	20240109083108	369	3
pdd店	1	20240109083108	370	3
pdd店	1	20240109083108	371	3
pdd店	1	20240109083108	372	3
pdd店	1	20240109083108	373	3
pdd店	1	20240109083108	374	3
pdd店	1	20240109083108	375	3
pdd店	1	20240109083108	376	3
pdd店	1	20240109083108	377	3
pdd店	1	20240109083108	378	3
pdd店	1	20240109083108	379	3
pdd店	1	20240109083108	380	3
pdd店	1	20240109083108	381	3
pdd店	1	20240109083108	382	3
pdd店	1	20240109083108	383	3
pdd店	1	20240109083108	384	3
pdd店	1	20240109083108	385	3
pdd店	1	20240109083108	386	3
pdd店	1	20240109083108	387	3
pdd店	1	20240109083108	388	3
pdd店	1	20240109083108	389	3
pdd店	1	20240109083108	390	3
pdd店	1	20240109083108	391	3
pdd店	1	20240109083108	392	3
pdd店	1	20240109083108	393	3
pdd店	1	20240109083108	394	3
pdd店	1	20240109083108	395	3
pdd店	1	20240109083108	396	3
pdd店	1	20240109083108	397	3
pdd店	1	20240109083108	398	3
pdd店	1	20240109083108	399	3
pdd店	1	20240109083108	400	3
pdd店	1	20240109083108	401	3
pdd店	1	20240109083108	402	3
pdd店	1	20240109083108	403	3
pdd店	1	20240109083108	404	3
pdd店	1	20240109083108	405	3
pdd店	1	20240109083108	406	3
pdd店	1	20240109083108	407	3
pdd店	1	20240109083108	408	3
pdd店	1	20240109083108	409	3
pdd店	1	20240109083108	410	3
pdd店	1	20240109083108	411	3
pdd店	1	20240109083108	412	3
pdd店	1	20240109083108	413	3
pdd店	1	20240109083108	414	3
pdd店	1	20240109083108	415	3
pdd店	1	20240109083108	416	3
pdd店	1	20240109083108	417	3
pdd店	1	20240109083108	418	3
pdd店	1	20240109083108	419	3
pdd店	1	20240109083108	420	3
pdd店	1	20240109083108	421	3
pdd店	1	20240109083108	422	3
pdd店	1	20240109083108	423	3
pdd店	1	20240109083108	424	3
pdd店	1	20240109083108	425	3
pdd店	1	20240109083108	426	3
pdd店	1	20240109083108	427	3
pdd店	1	20240109083108	428	3
pdd店	1	20240109083108	429	3
pdd店	1	20240109083108	430	3
pdd店	1	20240109083108	431	3
pdd店	1	20240109083108	432	3
pdd店	1	20240109083108	433	3
pdd店	1	20240109083108	434	3
pdd店	1	20240109083108	435	3
pdd店	1	20240109083108	436	3
pdd店	1	20240109083108	437	3
pdd店	1	20240109083108	438	3
pdd店	1	20240109083108	439	3
pdd店	1	20240109083108	440	3
pdd店	1	20240109083108	441	3
pdd店	1	20240109083108	442	3
pdd店	1	20240109083108	443	3
pdd店	1	20240109083108	444	3
pdd店	1	20240109083108	445	3
pdd店	1	20240109083108	446	3
pdd店	1	20240109083108	447	3
pdd店	1	20240109083108	448	3
pdd店	1	20240109083108	449	3
pdd店	1	20240109083108	450	3
pdd店	1	20240109083108	451	3
pdd店	1	20240109083108	452	3
pdd店	1	20240109083108	453	3
pdd店	1	20240109083108	454	3
pdd店	1	20240109083208	0	3
pdd店	1	20240109083208	1	3
pdd店	1	20240109083208	2	3
pdd店	1	20240109083208	3	3
pdd店	1	20240109083208	4	3
pdd店	1	20240109083208	5	3
pdd店	1	20240109083208	6	3
pdd店	1	20240109083208	7	3
pdd店	1	20240109083208	8	3
pdd店	1	20240109083208	9	3
pdd店	1	20240109083208	10	3
pdd店	1	20240109083208	11	3
pdd店	1	20240109083208	12	3
pdd店	1	20240109083208	13	3
pdd店	1	20240109083208	14	3
pdd店	1	20240109083208	15	3
pdd店	1	20240109083208	16	3
pdd店	1	20240109083208	17	3
pdd店	1	20240109083208	18	3
pdd店	1	20240109083208	19	3
pdd店	1	20240109083208	20	3
pdd店	1	20240109083208	21	3
pdd店	1	20240109083208	22	3
pdd店	1	20240109083208	23	3
pdd店	1	20240109083208	24	3
pdd店	1	20240109083208	25	3
pdd店	1	20240109083208	26	3
pdd店	1	20240109083208	27	3
pdd店	1	20240109083208	28	3
pdd店	1	20240109083208	29	3
pdd店	1	20240109083208	30	3
pdd店	1	20240109083208	31	3
pdd店	1	20240109083208	32	3
pdd店	1	20240109083208	33	3
pdd店	1	20240109083208	34	3
pdd店	1	20240109083208	35	3
pdd店	1	20240109083208	36	3
pdd店	1	20240109083208	37	3
pdd店	1	20240109083208	38	3
pdd店	1	20240109083208	39	3
pdd店	1	20240109083208	40	3
pdd店	1	20240109083208	41	3
pdd店	1	20240109083229	0	3
pdd店	1	20240109083229	1	3
pdd店	1	20240109083229	2	3
pdd店	1	20240109083229	3	3
pdd店	1	20240109083229	4	3
pdd店	1	20240109083229	5	3
pdd店	1	20240109083229	6	3
pdd店	1	20240109083229	7	3
pdd店	1	20240109083229	8	3
pdd店	1	20240109083229	9	3
pdd店	1	20240109083229	10	3
pdd店	1	20240109083229	11	3
pdd店	1	20240109083229	12	3
pdd店	1	20240109083229	13	3
pdd店	1	20240109083229	14	3
pdd店	1	20240109083229	15	3
pdd店	1	20240109083229	16	3
pdd店	1	20240109083229	17	3
pdd店	1	20240109083229	18	3
pdd店	1	20240109083229	19	3
pdd店	1	20240109083229	20	3
pdd店	1	20240109083229	21	3
pdd店	1	20240109083229	22	3
pdd店	1	20240109083229	23	3
pdd店	1	20240109083229	24	3
pdd店	1	20240109083229	25	3
pdd店	1	20240109083229	26	3
pdd店	1	20240109083229	27	3
pdd店	1	20240109083229	28	3
pdd店	1	20240109083229	29	3
pdd店	1	20240109083229	30	3
pdd店	1	20240109083229	31	3
pdd店	1	20240109083229	32	3
pdd店	1	20240109083229	33	3
pdd店	1	20240109083229	34	3
pdd店	1	20240109083229	35	3
pdd店	1	20240109083229	36	3
pdd店	1	20240109083229	37	3
pdd店	1	20240109083229	38	3
pdd店	1	20240109083229	39	3
pdd店	1	20240109083229	40	3
pdd店	1	20240109083229	41	3
pdd店	1	20240109083229	42	3
pdd店	1	20240109083229	43	3
pdd店	1	20240109083229	44	3
pdd店	1	20240109083229	45	3
pdd店	1	20240109083229	46	3
pdd店	1	20240109083229	47	3
pdd店	1	20240109083229	48	3
pdd店	1	20240109083229	49	3
pdd店	1	20240109083229	50	3
pdd店	1	20240109083229	51	3
pdd店	1	20240109083229	52	3
pdd店	1	20240109083229	53	3
pdd店	1	20240109083229	54	3
pdd店	1	20240109083229	55	3
pdd店	1	20240109083229	56	3
pdd店	1	20240109083229	57	3
pdd店	1	20240109083229	58	3
pdd店	1	20240109083229	59	3
pdd店	1	20240109083229	60	3
pdd店	1	20240109083229	61	3
pdd店	1	20240109083229	62	3
pdd店	1	20240109083229	63	3
pdd店	1	20240109083229	64	3
pdd店	1	20240109083229	65	3
pdd店	1	20240109083229	66	3
pdd店	1	20240109083229	67	3
pdd店	1	20240109083229	68	3
pdd店	1	20240109083229	69	3
pdd店	1	20240109083229	70	3
pdd店	1	20240109083229	71	3
pdd店	1	20240109083229	72	3
pdd店	1	20240109083229	73	3
pdd店	1	20240109083229	74	3
pdd店	1	20240109083229	75	3
pdd店	1	20240109083229	76	3
pdd店	1	20240109083229	77	3
pdd店	1	20240109083229	78	3
pdd店	1	20240109083229	79	3
pdd店	1	20240109083229	80	3
pdd店	1	20240109083229	81	3
pdd店	1	20240109083229	82	3
pdd店	1	20240109083229	83	3
pdd店	1	20240109083229	84	3
pdd店	1	20240109083229	85	3
pdd店	1	20240109083229	86	3
pdd店	1	20240109083229	87	3
pdd店	1	20240109083229	88	3
pdd店	1	20240109083229	89	3
pdd店	1	20240109083229	90	3
pdd店	1	20240109083229	91	3
pdd店	1	20240109083229	92	3
pdd店	1	20240109083229	93	3
pdd店	1	20240109083229	94	3
pdd店	1	20240109083229	95	3
pdd店	1	20240109083229	96	3
pdd店	1	20240109083315	0	3
pdd店	1	20240109083315	1	3
pdd店	1	20240109083315	2	3
pdd店	1	20240109083315	3	3
pdd店	1	20240109083315	4	3
pdd店	1	20240109083315	5	3
pdd店	1	20240109083315	6	3
pdd店	1	20240109083315	7	3
pdd店	1	20240109083315	8	3
pdd店	1	20240109083315	9	3
pdd店	1	20240109083315	10	3
pdd店	1	20240109083315	11	3
pdd店	1	20240109083315	12	3
pdd店	1	20240109083315	13	3
pdd店	1	20240109083315	14	3
pdd店	1	20240109083315	15	3
pdd店	1	20240109083315	16	3
pdd店	1	20240109083315	17	3
pdd店	1	20240109083315	18	3
pdd店	1	20240109083315	19	3
pdd店	1	20240109083315	20	3
pdd店	1	20240109083315	21	3
pdd店	1	20240109083315	22	3
pdd店	1	20240109083315	23	3
pdd店	1	20240109083315	24	3
pdd店	1	20240109083315	25	3
pdd店	1	20240109083315	26	3
pdd店	1	20240109083315	27	3
pdd店	1	20240109083315	28	3
pdd店	1	20240109083315	29	3
pdd店	1	20240109083315	30	3
pdd店	1	20240109083315	31	3
pdd店	1	20240109083315	32	3
pdd店	1	20240109083315	33	3
pdd店	1	20240109083315	34	3
pdd店	1	20240109083315	35	3
pdd店	1	20240109083315	36	3
pdd店	1	20240109083315	37	3
pdd店	1	20240109083315	38	3
pdd店	1	20240109083315	39	3
pdd店	1	20240109083315	40	3
pdd店	1	20240109083315	41	3
pdd店	1	20240109083315	42	3
pdd店	1	20240109083315	43	3
pdd店	1	20240109083315	44	3
pdd店	1	20240109083315	45	3
pdd店	1	20240109083315	46	3
pdd店	1	20240109083315	47	3
pdd店	1	20240109083315	48	3
pdd店	1	20240109083315	49	3
pdd店	1	20240109083315	50	3
pdd店	1	20240109083315	51	3
pdd店	1	20240109083315	52	3
pdd店	1	20240109083315	53	3
pdd店	1	20240109083315	54	3
pdd店	1	20240109083315	55	3
pdd店	1	20240109083315	56	3
pdd店	1	20240109083315	57	3
pdd店	1	20240109083315	58	3
pdd店	1	20240109083315	59	3
pdd店	1	20240109083315	60	3
pdd店	1	20240109083315	61	3
pdd店	1	20240109083315	62	3
pdd店	1	20240109083315	63	3
pdd店	1	20240109083315	64	3
pdd店	1	20240109083315	65	3
pdd店	1	20240109083315	66	3
pdd店	1	20240109083315	67	3
pdd店	1	20240109083315	68	3
pdd店	1	20240109083315	69	3
pdd店	1	20240109083315	70	3
pdd店	1	20240109083315	71	3
pdd店	1	20240109083315	72	3
pdd店	1	20240109083315	73	3
pdd店	1	20240109083315	74	3
pdd店	1	20240109083315	75	3
pdd店	1	20240109083315	76	3
pdd店	1	20240109083315	77	3
pdd店	1	20240109083315	78	3
pdd店	1	20240109083315	79	3
pdd店	1	20240109083315	80	3
pdd店	1	20240109083315	81	3
pdd店	1	20240109083315	82	3
pdd店	1	20240109083315	83	3
pdd店	1	20240109083315	84	3
pdd店	1	20240109083315	85	3
pdd店	1	20240109083315	86	3
pdd店	1	20240109083315	87	3
pdd店	1	20240109083315	88	3
pdd店	1	20240109083315	89	3
pdd店	1	20240109083315	90	3
pdd店	1	20240109083315	91	3
pdd店	1	20240109083315	92	3
pdd店	1	20240109083315	93	3
pdd店	1	20240109083315	94	3
pdd店	1	20240109083315	95	3
pdd店	1	20240109083315	96	3
pdd店	1	20240109083315	97	3
pdd店	1	20240109083315	98	3
pdd店	1	20240109083315	99	3
pdd店	1	20240109083315	100	3
pdd店	1	20240109083315	101	3
pdd店	1	20240109083315	102	3
pdd店	1	20240109083315	103	3
pdd店	1	20240109083315	104	3
pdd店	1	20240109083315	105	3
pdd店	1	20240109083315	106	3
pdd店	1	20240109083315	107	3
pdd店	1	20240109083315	108	3
pdd店	1	20240109083315	109	3
pdd店	1	20240109083315	110	3
pdd店	1	20240109083315	111	3
pdd店	1	20240109083315	112	3
pdd店	1	20240109083315	113	3
pdd店	1	20240109083315	114	3
pdd店	1	20240109083315	115	3
pdd店	1	20240109083315	116	3
pdd店	1	20240109083315	117	3
pdd店	1	20240109083315	118	3
pdd店	1	20240109083315	119	3
pdd店	1	20240109083315	120	3
pdd店	1	20240109083315	121	3
pdd店	1	20240109083315	122	3
pdd店	1	20240109083315	123	3
pdd店	1	20240109083315	124	3
pdd店	1	20240109083315	125	3
pdd店	1	20240109083315	126	3
pdd店	1	20240109083315	127	3
pdd店	1	20240109083315	128	3
pdd店	1	20240109083315	129	3
pdd店	1	20240109083315	130	3
pdd店	1	20240109083315	131	3
pdd店	1	20240109083315	132	3
pdd店	1	20240109083315	133	3
pdd店	1	20240109083315	134	3
pdd店	1	20240109083315	135	3
pdd店	1	20240109083315	136	3
pdd店	1	20240109083315	137	3
pdd店	1	20240109083315	138	3
pdd店	1	20240109083315	139	3
pdd店	1	20240109083315	140	3
pdd店	1	20240109083315	141	3
pdd店	1	20240109083315	142	3
pdd店	1	20240109083315	143	3
pdd店	1	20240109083315	144	3
pdd店	1	20240109083315	145	3
pdd店	1	20240109083315	146	3
pdd店	1	20240109083315	147	3
pdd店	1	20240109083315	148	3
pdd店	1	20240109083315	149	3
pdd店	1	20240109083315	150	3
pdd店	1	20240109083315	151	3
pdd店	1	20240109083315	152	3
pdd店	1	20240109083315	153	3
pdd店	1	20240109083315	154	3
pdd店	1	20240109083315	155	3
pdd店	1	20240109083315	156	3
pdd店	1	20240109083315	157	3
pdd店	1	20240109083315	158	3
pdd店	1	20240109083315	159	3
pdd店	1	20240109083315	160	3
pdd店	1	20240109083315	161	3
pdd店	1	20240109083315	162	3
pdd店	1	20240109083315	163	3
pdd店	1	20240109083315	164	3
pdd店	1	20240109083315	165	3
pdd店	1	20240109083315	166	3
pdd店	1	20240109083315	167	3
pdd店	1	20240109083315	168	3
pdd店	1	20240109083315	169	3
pdd店	1	20240109083315	170	3
pdd店	1	20240109083315	171	3
pdd店	1	20240109083315	172	3
pdd店	1	20240109083315	173	3
pdd店	1	20240109083315	174	3
pdd店	1	20240109083315	175	3
pdd店	1	20240109083315	176	3
pdd店	1	20240109083315	177	3
pdd店	1	20240109083315	178	3
pdd店	1	20240109083315	179	3
pdd店	1	20240109083315	180	3
pdd店	1	20240109083315	181	3
pdd店	1	20240109083315	182	3
pdd店	1	20240109083315	183	3
pdd店	1	20240109083315	184	3
pdd店	1	20240109083315	185	3
pdd店	1	20240109083315	186	3
pdd店	1	20240109083315	187	3
pdd店	1	20240109083315	188	3
pdd店	1	20240109083315	189	3
pdd店	1	20240109083315	190	3
pdd店	1	20240109083315	191	3
pdd店	1	20240109083315	192	3
pdd店	1	20240109083315	193	3
pdd店	1	20240109083315	194	3
pdd店	1	20240109083315	195	3
pdd店	1	20240109083315	196	3
pdd店	1	20240109083315	197	3
pdd店	1	20240109083315	198	3
pdd店	1	20240109083315	199	3
pdd店	1	20240109083315	200	3
pdd店	1	20240109083315	201	3
pdd店	1	20240109083315	202	3
pdd店	1	20240109083315	203	3
pdd店	1	20240109083315	204	3
pdd店	1	20240109083315	205	3
pdd店	1	20240109083315	206	3
pdd店	1	20240109083315	207	3
pdd店	1	20240109083315	208	3
pdd店	1	20240109083315	209	3
pdd店	1	20240109083315	210	3
pdd店	1	20240109083315	211	3
pdd店	1	20240109083315	212	3
pdd店	1	20240109083315	213	3
pdd店	1	20240109083315	214	3
pdd店	1	20240109083315	215	3
pdd店	1	20240109083315	216	3
pdd店	1	20240109083315	217	3
pdd店	1	20240109083315	218	3
pdd店	1	20240109083315	219	3
pdd店	1	20240109083315	220	3
pdd店	1	20240109083315	221	3
pdd店	1	20240109083315	222	3
pdd店	1	20240109083315	223	3
pdd店	1	20240109083315	224	3
pdd店	1	20240109083315	225	3
pdd店	1	20240109083315	226	3
pdd店	1	20240109083315	227	3
pdd店	1	20240109083315	228	3
pdd店	1	20240109083315	229	3
pdd店	1	20240109083315	230	3
pdd店	1	20240109083315	231	3
pdd店	1	20240109083315	232	3
pdd店	1	20240109083315	233	3
pdd店	1	20240109083315	234	3
pdd店	1	20240109083315	235	3
pdd店	1	20240109083315	236	3
pdd店	1	20240109083315	237	3
pdd店	1	20240109083315	238	3
pdd店	1	20240109083315	239	3
pdd店	1	20240109083315	240	3
pdd店	1	20240109083315	241	3
pdd店	1	20240109083315	242	3
pdd店	1	20240109083315	243	3
pdd店	1	20240109083315	244	3
pdd店	1	20240109083315	245	3
pdd店	1	20240109083315	246	3
pdd店	1	20240109083315	247	3
pdd店	1	20240109083315	248	3
pdd店	1	20240109083315	249	3
pdd店	1	20240109083315	250	3
pdd店	1	20240109083315	251	3
pdd店	1	20240109083315	252	3
pdd店	1	20240109083315	253	3
pdd店	1	20240109083315	254	3
pdd店	1	20240109083315	255	3
pdd店	1	20240109083315	256	3
pdd店	1	20240109083315	257	3
pdd店	1	20240109083315	258	3
pdd店	1	20240109083315	259	3
pdd店	1	20240109083315	260	3
pdd店	1	20240109083315	261	3
pdd店	1	20240109083315	262	3
pdd店	1	20240109083315	263	3
pdd店	1	20240109083315	264	3
pdd店	1	20240109083315	265	3
pdd店	1	20240109083315	266	3
pdd店	1	20240109083315	267	3
pdd店	1	20240109083315	268	3
pdd店	1	20240109083315	269	3
pdd店	1	20240109083315	270	3
pdd店	1	20240109083315	271	3
pdd店	1	20240109083315	272	3
pdd店	1	20240109083315	273	3
pdd店	1	20240109083315	274	3
pdd店	1	20240109083315	275	3
pdd店	1	20240109083315	276	3
pdd店	1	20240109083315	277	3
pdd店	1	20240109083315	278	3
pdd店	1	20240109083315	279	3
pdd店	1	20240109083315	280	3
pdd店	1	20240109083315	281	3
pdd店	1	20240109083315	282	3
pdd店	1	20240109083315	283	3
pdd店	1	20240109083315	284	3
pdd店	1	20240109083315	285	3
pdd店	1	20240109083315	286	3
pdd店	1	20240109083315	287	3
pdd店	1	20240109083315	288	3
pdd店	1	20240109083315	289	3
pdd店	1	20240109083315	290	3
pdd店	1	20240109083315	291	3
pdd店	1	20240109083315	292	3
pdd店	1	20240109083315	293	3
pdd店	1	20240109083315	294	3
pdd店	1	20240109083315	295	3
pdd店	1	20240109083315	296	3
pdd店	1	20240109083315	297	3
pdd店	1	20240109083315	298	3
pdd店	1	20240109083315	299	3
pdd店	1	20240109083315	300	3
pdd店	1	20240109083315	301	3
pdd店	1	20240109083315	302	3
pdd店	1	20240109083315	303	3
pdd店	1	20240109083315	304	3
pdd店	1	20240109083315	305	3
pdd店	1	20240109083315	306	3
pdd店	1	20240109083315	307	3
pdd店	1	20240109083315	308	3
pdd店	1	20240109083315	309	3
pdd店	1	20240109083315	310	3
pdd店	1	20240109083315	311	3
pdd店	1	20240109083315	312	3
pdd店	1	20240109083315	313	3
pdd店	1	20240109083315	314	3
pdd店	1	20240109083315	315	3
pdd店	1	20240109083315	316	3
pdd店	1	20240109083315	317	3
pdd店	1	20240109083315	318	3
pdd店	1	20240109083315	319	3
pdd店	1	20240109083315	320	3
pdd店	1	20240109083315	321	3
pdd店	1	20240109083315	322	3
pdd店	1	20240109083315	323	3
pdd店	1	20240109083315	324	3
pdd店	1	20240109083315	325	3
pdd店	1	20240109083315	326	3
pdd店	1	20240109083315	327	3
pdd店	1	20240109083315	328	3
pdd店	1	20240109083315	329	3
pdd店	1	20240109083315	330	3
pdd店	1	20240109083315	331	3
pdd店	1	20240109083315	332	3
pdd店	1	20240109083315	333	3
pdd店	1	20240109083315	334	3
pdd店	1	20240109083315	335	3
pdd店	1	20240109083315	336	3
pdd店	1	20240109083315	337	3
pdd店	1	20240109083315	338	3
pdd店	1	20240109083315	339	3
pdd店	1	20240109083315	340	3
pdd店	1	20240109083315	341	3
pdd店	1	20240109083315	342	3
pdd店	1	20240109083315	343	3
pdd店	1	20240109083315	344	3
pdd店	1	20240109083315	345	3
pdd店	1	20240109083315	346	3
pdd店	1	20240109083315	347	3
pdd店	1	20240109083315	348	3
pdd店	1	20240109083315	349	3
pdd店	1	20240109083315	350	3
pdd店	1	20240109083315	351	3
pdd店	1	20240109083315	352	3
pdd店	1	20240109083315	353	3
pdd店	1	20240109083315	354	3
pdd店	1	20240109083315	355	3
pdd店	1	20240109083315	356	3
pdd店	1	20240109083315	357	3
pdd店	1	20240109083315	358	3
pdd店	1	20240109083315	359	3
pdd店	1	20240109083315	360	3
pdd店	1	20240109083315	361	3
pdd店	1	20240109083315	362	3
pdd店	1	20240109083315	363	3
pdd店	1	20240109083315	364	3
pdd店	1	20240109083315	365	3
pdd店	1	20240109083315	366	3
pdd店	1	20240109083315	367	3
pdd店	1	20240109083315	368	3
pdd店	1	20240109083315	369	3
pdd店	1	20240109083315	370	3
pdd店	1	20240109083315	371	3
pdd店	1	20240109083315	372	3
pdd店	1	20240109083315	373	3
pdd店	1	20240109083315	374	3
pdd店	1	20240109083315	375	3
pdd店	1	20240109083315	376	3
pdd店	1	20240109083315	377	3
pdd店	1	20240109083315	378	3
pdd店	1	20240109083315	379	3
pdd店	1	20240109083315	380	3
pdd店	1	20240109083315	381	3
pdd店	1	20240109083315	382	3
pdd店	1	20240109083315	383	3
pdd店	1	20240109083315	384	3
pdd店	1	20240109083315	385	3
pdd店	1	20240109083315	386	3
pdd店	1	20240109083315	387	3
pdd店	1	20240109083315	388	3
pdd店	1	20240109083315	389	3
pdd店	1	20240109083315	390	3
pdd店	1	20240109083315	391	3
pdd店	1	20240109083315	392	3
pdd店	1	20240109083315	393	3
pdd店	1	20240109083315	394	3
pdd店	1	20240109083315	395	3
pdd店	1	20240109083315	396	3
pdd店	1	20240109083315	397	3
pdd店	1	20240109083315	398	3
pdd店	1	20240109083315	399	3
pdd店	1	20240109083315	400	3
pdd店	1	20240109083315	401	3
pdd店	1	20240109083315	402	3
pdd店	1	20240109083315	403	3
pdd店	1	20240109083315	404	3
pdd店	1	20240109083315	405	3
pdd店	1	20240109083315	406	3
pdd店	1	20240109083315	407	3
pdd店	1	20240109083315	408	3
pdd店	1	20240109083315	409	3
pdd店	1	20240109083315	410	3
pdd店	1	20240109083315	411	3
pdd店	1	20240109083315	412	3
pdd店	1	20240109083315	413	3
pdd店	1	20240109083315	414	3
pdd店	1	20240109083315	415	3
pdd店	1	20240109083315	416	3
pdd店	1	20240109083315	417	3
pdd店	1	20240109083315	418	3
pdd店	1	20240109083315	419	3
pdd店	1	20240109083315	420	3
pdd店	1	20240109083315	421	3
pdd店	1	20240109083315	422	3
pdd店	1	20240109083315	423	3
pdd店	1	20240109083315	424	3
pdd店	1	20240109083315	425	3
pdd店	1	20240109083315	426	3
pdd店	1	20240109083315	427	3
pdd店	1	20240109083315	428	3
pdd店	1	20240109083315	429	3
pdd店	1	20240109083315	430	3
pdd店	1	20240109083315	431	3
pdd店	1	20240109083315	432	3
pdd店	1	20240109083315	433	3
pdd店	1	20240109083315	434	3
pdd店	1	20240109083315	435	3
pdd店	1	20240109083315	436	3
pdd店	1	20240109083315	437	3
pdd店	1	20240109083315	438	3
pdd店	1	20240109083315	439	3
pdd店	1	20240109083315	440	3
pdd店	1	20240109083315	441	3
pdd店	1	20240109083315	442	3
pdd店	1	20240109083315	443	3
pdd店	1	20240109083415	0	3
pdd店	1	20240109083415	1	3
pdd店	1	20240109083415	2	3
pdd店	1	20240109083415	3	3
pdd店	1	20240109083415	4	3
pdd店	1	20240109083415	5	3
pdd店	1	20240109083415	6	3
pdd店	1	20240109083415	7	3
pdd店	1	20240109083415	8	3
pdd店	1	20240109083415	9	3
pdd店	1	20240109083415	10	3
pdd店	1	20240109083415	11	3
pdd店	1	20240109083415	12	3
pdd店	1	20240109083415	13	3
pdd店	1	20240109083415	14	3
pdd店	1	20240109083415	15	3
pdd店	1	20240109083415	16	3
pdd店	1	20240109083415	17	3
pdd店	1	20240109083415	18	3
pdd店	1	20240109083415	19	3
pdd店	1	20240109083415	20	3
pdd店	1	20240109083415	21	3
pdd店	1	20240109083415	22	3
pdd店	1	20240109083415	23	3
pdd店	1	20240109083415	24	3
pdd店	1	20240109083415	25	3
pdd店	1	20240109083415	26	3
pdd店	1	20240109083415	27	3
pdd店	1	20240109083415	28	3
pdd店	1	20240109083415	29	3
pdd店	1	20240109083415	30	3
pdd店	1	20240109083415	31	3
pdd店	1	20240109083415	32	3
pdd店	1	20240109083415	33	3
pdd店	1	20240109083415	34	3
pdd店	1	20240109083415	35	3
pdd店	1	20240109083415	36	3
pdd店	1	20240109083415	37	3
pdd店	1	20240109083415	38	3
pdd店	1	20240109083415	39	3
pdd店	1	20240109083415	40	3
pdd店	1	20240109083415	41	3
pdd店	1	20240109083415	42	3
pdd店	1	20240109083415	43	3
pdd店	1	20240109083415	44	3
pdd店	1	20240109083415	45	3
pdd店	1	20240109083415	46	3
pdd店	1	20240109083415	47	3
pdd店	1	20240109083415	48	3
pdd店	1	20240109083415	49	3
pdd店	1	20240109083415	50	3
pdd店	1	20240109083415	51	3
pdd店	1	20240109083415	52	3
pdd店	1	20240109083415	53	3
pdd店	1	20240109083415	54	3
pdd店	1	20240109083415	55	3
pdd店	1	20240109083415	56	3
pdd店	1	20240109083415	57	3
pdd店	1	20240109083415	58	3
pdd店	1	20240109083415	59	3
pdd店	1	20240109083415	60	3
pdd店	1	20240109083415	61	3
pdd店	1	20240109083415	62	3
pdd店	1	20240109083415	63	3
pdd店	1	20240109083415	64	3
pdd店	1	20240109083415	65	3
pdd店	1	20240109083415	66	3
pdd店	1	20240109083415	67	3
pdd店	1	20240109083415	68	3
pdd店	1	20240109083415	69	3
pdd店	1	20240109083415	70	3
pdd店	1	20240109083415	71	3
pdd店	1	20240109083415	72	3
pdd店	1	20240109083415	73	3
pdd店	1	20240109083415	74	3
pdd店	1	20240109083415	75	3
pdd店	1	20240109083415	76	3
pdd店	1	20240109083415	77	3
pdd店	1	20240109083415	78	3
pdd店	1	20240109083415	79	3
pdd店	1	20240109083415	80	3
pdd店	1	20240109083415	81	3
pdd店	1	20240109083415	82	3
pdd店	1	20240109083415	83	3
pdd店	1	20240109083415	84	3
pdd店	1	20240109083415	85	3
pdd店	1	20240109083415	86	3
pdd店	1	20240109083415	87	3
pdd店	1	20240109083415	88	3
pdd店	1	20240109083415	89	3
pdd店	1	20240109083415	90	3
pdd店	1	20240109083415	91	3
pdd店	1	20240109083415	92	3
pdd店	1	20240109083415	93	3
pdd店	1	20240109083415	94	3
pdd店	1	20240109083415	95	3
pdd店	1	20240109083415	96	3
pdd店	1	20240109083415	97	3
pdd店	1	20240109083415	98	3
pdd店	1	20240109083415	99	3
pdd店	1	20240109083415	100	3
pdd店	1	20240109083415	101	3
pdd店	1	20240109083415	102	3
pdd店	1	20240109083415	103	3
pdd店	1	20240109083415	104	3
pdd店	1	20240109083415	105	3
pdd店	1	20240109083415	106	3
pdd店	1	20240109083415	107	3
pdd店	1	20240109083415	108	3
pdd店	1	20240109083415	109	3
pdd店	1	20240109083415	110	3
pdd店	1	20240109083415	111	3
pdd店	1	20240109083415	112	3
pdd店	1	20240109083415	113	3
pdd店	1	20240109083415	114	3
pdd店	1	20240109083415	115	3
pdd店	1	20240109083415	116	3
pdd店	1	20240109083415	117	3
pdd店	1	20240109083415	118	3
pdd店	1	20240109083415	119	3
pdd店	1	20240109083415	120	3
pdd店	1	20240109083415	121	3
pdd店	1	20240109083415	122	3
pdd店	1	20240109083415	123	3
pdd店	1	20240109083415	124	3
pdd店	1	20240109083415	125	3
pdd店	1	20240109083415	126	3
pdd店	1	20240109083415	127	3
pdd店	1	20240109083415	128	3
pdd店	1	20240109083415	129	3
pdd店	1	20240109083415	130	3
pdd店	1	20240109083415	131	3
pdd店	1	20240109083415	132	3
pdd店	1	20240109083415	133	3
pdd店	1	20240109083415	134	3
pdd店	1	20240109083415	135	3
pdd店	1	20240109083415	136	3
pdd店	1	20240109083415	137	3
pdd店	1	20240109083415	138	3
pdd店	1	20240109083415	139	3
pdd店	1	20240109083415	140	3
pdd店	1	20240109083415	141	3
pdd店	1	20240109083415	142	3
pdd店	1	20240109083415	143	3
pdd店	1	20240109083415	144	3
pdd店	1	20240109083415	145	3
pdd店	1	20240109083415	146	3
pdd店	1	20240109083415	147	3
pdd店	1	20240109083415	148	3
pdd店	1	20240109083415	149	3
pdd店	1	20240109083415	150	3
pdd店	1	20240109083415	151	3
pdd店	1	20240109083415	152	3
pdd店	1	20240109083415	153	3
pdd店	1	20240109083415	154	3
pdd店	1	20240109083415	155	3
pdd店	1	20240109083415	156	3
pdd店	1	20240109083415	157	3
pdd店	1	20240109083415	158	3
pdd店	1	20240109083415	159	3
pdd店	1	20240109083556	0	3
pdd店	1	20240109083556	1	3
pdd店	1	20240109083556	2	3
pdd店	1	20240109083556	3	3
pdd店	1	20240109083556	4	3
pdd店	1	20240109083556	5	3
pdd店	1	20240109083556	6	3
pdd店	1	20240109083556	7	3
pdd店	1	20240109083556	8	3
pdd店	1	20240109083556	9	3
pdd店	1	20240109083556	10	3
pdd店	1	20240109083556	11	3
pdd店	1	20240109083556	12	3
pdd店	1	20240109083556	13	3
pdd店	1	20240109083556	14	3
pdd店	1	20240109083556	15	3
pdd店	1	20240109083556	16	3
pdd店	1	20240109083556	17	3
pdd店	1	20240109083556	18	3
pdd店	1	20240109083556	19	3
pdd店	1	20240109083556	20	3
pdd店	1	20240109083556	21	3
pdd店	1	20240109083556	22	3
pdd店	1	20240109083556	23	3
pdd店	1	20240109083556	24	3
pdd店	1	20240109083556	25	3
pdd店	1	20240109083556	26	3
pdd店	1	20240109083556	27	3
pdd店	1	20240109083556	28	3
pdd店	1	20240109083556	29	3
pdd店	1	20240109083556	30	3
pdd店	1	20240109083556	31	3
pdd店	1	20240109083556	32	3
pdd店	1	20240109083556	33	3
pdd店	1	20240109083556	34	3
pdd店	1	20240109083556	35	3
pdd店	1	20240109083556	36	3
pdd店	1	20240109083556	37	3
pdd店	1	20240109083556	38	3
pdd店	1	20240109083556	39	3
pdd店	1	20240109083556	40	3
pdd店	1	20240109083556	41	3
pdd店	1	20240109083556	42	3
pdd店	1	20240109083556	43	3
pdd店	1	20240109083556	44	3
pdd店	1	20240109083556	45	3
pdd店	1	20240109083556	46	3
pdd店	1	20240109083556	47	3
pdd店	1	20240109083556	48	3
pdd店	1	20240109083556	49	3
pdd店	1	20240109083556	50	3
pdd店	1	20240109083556	51	3
pdd店	1	20240109083556	52	3
pdd店	1	20240109083556	53	3
pdd店	1	20240109083556	54	3
pdd店	1	20240109083556	55	3
pdd店	1	20240109083556	56	3
pdd店	1	20240109083556	57	3
pdd店	1	20240109083556	58	3
pdd店	1	20240109083556	59	3
pdd店	1	20240109083556	60	3
pdd店	1	20240109083556	61	3
pdd店	1	20240109083556	62	3
pdd店	1	20240109083556	63	3
pdd店	1	20240109083556	64	3
pdd店	1	20240109083556	65	3
pdd店	1	20240109083556	66	3
pdd店	1	20240109083556	67	3
pdd店	1	20240109083556	68	3
pdd店	1	20240109083556	69	3
pdd店	1	20240109083556	70	3
pdd店	1	20240109083556	71	3
pdd店	1	20240109083556	72	3
pdd店	1	20240109083556	73	3
pdd店	1	20240109083556	74	3
pdd店	1	20240109083556	75	3
pdd店	1	20240109083556	76	3
pdd店	1	20240109083556	77	3
pdd店	1	20240109083556	78	3
pdd店	1	20240109083556	79	3
pdd店	1	20240109083556	80	3
pdd店	1	20240109083556	81	3
pdd店	1	20240109083556	82	3
pdd店	1	20240109083556	83	3
pdd店	1	20240109083556	84	3
pdd店	1	20240109083556	85	3
pdd店	1	20240109083556	86	3
pdd店	1	20240109083556	87	3
pdd店	1	20240109083556	88	3
pdd店	1	20240109083556	89	3
pdd店	1	20240109083556	90	3
pdd店	1	20240109083556	91	3
pdd店	1	20240109083556	92	3
pdd店	1	20240109083556	93	3
pdd店	1	20240109083556	94	3
pdd店	1	20240109083556	95	3
pdd店	1	20240109083556	96	3
pdd店	1	20240109083556	97	3
pdd店	1	20240109083556	98	3
pdd店	1	20240109083556	99	3
pdd店	1	20240109083556	100	3
pdd店	1	20240109083556	101	3
pdd店	1	20240109083556	102	3
pdd店	1	20240109083556	103	3
pdd店	1	20240109083556	104	3
pdd店	1	20240109083556	105	3
pdd店	1	20240109083556	106	3
pdd店	1	20240109083556	107	3
pdd店	1	20240109083556	108	3
pdd店	1	20240109083556	109	3
pdd店	1	20240109083556	110	3
pdd店	1	20240109083556	111	3
pdd店	1	20240109083556	112	3
pdd店	1	20240109083556	113	3
pdd店	1	20240109083556	114	3
pdd店	1	20240109083556	115	3
pdd店	1	20240109083556	116	3
pdd店	1	20240109083556	117	3
pdd店	1	20240109083556	118	3
pdd店	1	20240109083556	119	3
pdd店	1	20240109083556	120	3
pdd店	1	20240109083556	121	3
pdd店	1	20240109083556	122	3
pdd店	1	20240109083556	123	3
pdd店	1	20240109083625	0	3
pdd店	1	20240109083625	1	3
pdd店	1	20240109083625	2	3
pdd店	1	20240109083625	3	3
pdd店	1	20240109083625	4	3
pdd店	1	20240109083625	5	3
pdd店	1	20240109083625	6	3
pdd店	1	20240109083625	7	3
pdd店	1	20240109083625	8	3
pdd店	1	20240109083625	9	3
pdd店	1	20240109083625	10	3
pdd店	1	20240109083625	11	3
pdd店	1	20240109083625	12	3
pdd店	1	20240109083625	13	3
pdd店	1	20240109083625	14	3
pdd店	1	20240109083625	15	3
pdd店	1	20240109083625	16	3
pdd店	1	20240109083625	17	3
pdd店	1	20240109083625	18	3
pdd店	1	20240109083625	19	3
pdd店	1	20240109083625	20	3
pdd店	1	20240109083625	21	3
pdd店	1	20240109083625	22	3
pdd店	1	20240109083625	23	3
pdd店	1	20240109083625	24	3
pdd店	1	20240109083625	25	3
pdd店	1	20240109083625	26	3
pdd店	1	20240109083625	27	3
pdd店	1	20240109083625	28	3
pdd店	1	20240109083625	29	3
pdd店	1	20240109083625	30	3
pdd店	1	20240109083625	31	3
pdd店	1	20240109083625	32	3
pdd店	1	20240109083625	33	3
pdd店	1	20240109083625	34	3
pdd店	1	20240109083625	35	3
pdd店	1	20240109083625	36	3
pdd店	1	20240109083625	37	3
pdd店	1	20240109083625	38	3
pdd店	1	20240109083625	39	3
pdd店	1	20240109083625	40	3
pdd店	1	20240109083625	41	3
pdd店	1	20240109083625	42	3
pdd店	1	20240109083625	43	3
pdd店	1	20240109083625	44	3
pdd店	1	20240109083625	45	3
pdd店	1	20240109083625	46	3
pdd店	1	20240109083625	47	3
pdd店	1	20240109083625	48	3
pdd店	1	20240109083625	49	3
pdd店	1	20240109083625	50	3
pdd店	1	20240109083625	51	3
pdd店	1	20240109083625	52	3
pdd店	1	20240109083625	53	3
pdd店	1	20240109083625	54	3
pdd店	1	20240109083625	55	3
pdd店	1	20240109083625	56	3
pdd店	1	20240109083625	57	3
pdd店	1	20240109083625	58	3
pdd店	1	20240109083625	59	3
pdd店	1	20240109083625	60	3
pdd店	1	20240109083625	61	3
pdd店	1	20240109083625	62	3
pdd店	1	20240109083625	63	3
pdd店	1	20240109083625	64	3
pdd店	1	20240109083625	65	3
pdd店	1	20240109083625	66	3
pdd店	1	20240109083625	67	3
pdd店	1	20240109083625	68	3
pdd店	1	20240109083625	69	3
pdd店	1	20240109083625	70	3
pdd店	1	20240109083625	71	3
pdd店	1	20240109083625	72	3
pdd店	1	20240109083625	73	3
pdd店	1	20240109083625	74	3
pdd店	1	20240109083625	75	3
pdd店	1	20240109083625	76	3
pdd店	1	20240109083625	77	3
pdd店	1	20240109083625	78	3
pdd店	1	20240109083625	79	3
pdd店	1	20240109083625	80	3
pdd店	1	20240109083625	81	3
pdd店	1	20240109083625	82	3
pdd店	1	20240109083625	83	3
pdd店	1	20240109083625	84	3
pdd店	1	20240109083625	85	3
pdd店	1	20240109083625	86	3
pdd店	1	20240109083625	87	3
pdd店	1	20240109083625	88	3
pdd店	1	20240109083625	89	3
pdd店	1	20240109083625	90	3
pdd店	1	20240109083625	91	3
pdd店	1	20240109083625	92	3
pdd店	1	20240109083625	93	3
pdd店	1	20240109083625	94	3
pdd店	1	20240109083625	95	3
pdd店	1	20240109083625	96	3
pdd店	1	20240109083625	97	3
pdd店	1	20240109083625	98	3
pdd店	1	20240109083625	99	3
pdd店	1	20240109083625	100	3
pdd店	1	20240109083625	101	3
pdd店	1	20240109083625	102	3
pdd店	1	20240109083625	103	3
pdd店	1	20240109083625	104	3
pdd店	1	20240109083625	105	3
pdd店	1	20240109083625	106	3
pdd店	1	20240109083625	107	3
pdd店	1	20240109083625	108	3
pdd店	1	20240109083625	109	3
pdd店	1	20240109083625	110	3
pdd店	1	20240109083625	111	3
pdd店	1	20240109083625	112	3
pdd店	1	20240109083625	113	3
pdd店	1	20240109083625	114	3
pdd店	1	20240109083625	115	3
pdd店	1	20240109083625	116	3
pdd店	1	20240109083625	117	3
pdd店	1	20240109083625	118	3
pdd店	1	20240109083625	119	3
pdd店	1	20240109083625	120	3
pdd店	1	20240109083625	121	3
pdd店	1	20240109083625	122	3
pdd店	1	20240109083625	123	3
pdd店	1	20240109083625	124	3
pdd店	1	20240109083625	125	3
pdd店	1	20240109083625	126	3
pdd店	1	20240109083625	127	3
pdd店	1	20240109083625	128	3
pdd店	1	20240109083625	129	3
pdd店	1	20240109083625	130	3
pdd店	1	20240109083625	131	3
pdd店	1	20240109083625	132	3
pdd店	1	20240109083625	133	3
pdd店	1	20240109083625	134	3
pdd店	1	20240109083625	135	3
pdd店	1	20240109083625	136	3
pdd店	1	20240109083625	137	3
pdd店	1	20240109083625	138	3
pdd店	1	20240109083625	139	3
pdd店	1	20240109083625	140	3
pdd店	1	20240109083625	141	3
pdd店	1	20240109083625	142	3
pdd店	1	20240109083625	143	3
pdd店	1	20240109083625	144	3
pdd店	1	20240109083625	145	3
pdd店	1	20240109083625	146	3
pdd店	1	20240109083625	147	3
pdd店	1	20240109083625	148	3
pdd店	1	20240109083625	149	3
pdd店	1	20240109083625	150	3
pdd店	1	20240109083625	151	3
pdd店	1	20240109083625	152	3
pdd店	1	20240109083625	153	3
pdd店	1	20240109083625	154	3
pdd店	1	20240109083625	155	3
pdd店	1	20240109083625	156	3
pdd店	1	20240109083625	157	3
pdd店	1	20240109083625	158	3
pdd店	1	20240109083625	159	3
pdd店	1	20240109083625	160	3
pdd店	1	20240109083625	161	3
pdd店	1	20240109083625	162	3
pdd店	1	20240109083625	163	3
pdd店	1	20240109083625	164	3
pdd店	1	20240109083625	165	3
pdd店	1	20240109083625	166	3
pdd店	1	20240109083625	167	3
pdd店	1	20240109083625	168	3
pdd店	1	20240109083625	169	3
pdd店	1	20240109083625	170	3
pdd店	1	20240109083625	171	3
pdd店	1	20240109083625	172	3
pdd店	1	20240109083625	173	3
pdd店	1	20240109083625	174	3
pdd店	1	20240109083625	175	3
pdd店	1	20240109083625	176	3
pdd店	1	20240109083625	177	3
pdd店	1	20240109083625	178	3
pdd店	1	20240109083625	179	3
pdd店	1	20240109083625	180	3
pdd店	1	20240109083625	181	3
pdd店	1	20240109083625	182	3
pdd店	1	20240109083625	183	3
pdd店	1	20240109083625	184	3
pdd店	1	20240109083625	185	3
pdd店	1	20240109083625	186	3
pdd店	1	20240109083625	187	3
pdd店	1	20240109083625	188	3
pdd店	1	20240109083625	189	3
pdd店	1	20240109083625	190	3
pdd店	1	20240109083625	191	3
pdd店	1	20240109083625	192	3
pdd店	1	20240109083625	193	3
pdd店	1	20240109083625	194	3
pdd店	1	20240109083625	195	3
pdd店	1	20240109083625	196	3
pdd店	1	20240109083625	197	3
pdd店	1	20240109083823	0	3
pdd店	1	20240109083823	1	3
pdd店	1	20240109083823	2	3
pdd店	1	20240109083823	3	3
pdd店	1	20240109083823	4	3
pdd店	1	20240109083823	5	3
pdd店	1	20240109083823	6	3
pdd店	1	20240109083823	7	3
pdd店	1	20240109083823	8	3
pdd店	1	20240109083823	9	3
pdd店	1	20240109083823	10	3
pdd店	1	20240109083823	11	3
pdd店	1	20240109083823	12	3
pdd店	1	20240109083823	13	3
pdd店	1	20240109083823	14	3
pdd店	1	20240109083823	15	3
pdd店	1	20240109083823	16	3
pdd店	1	20240109083823	17	3
pdd店	1	20240109083823	18	3
pdd店	1	20240109083823	19	3
pdd店	1	20240109083823	20	3
pdd店	1	20240109083823	21	3
pdd店	1	20240109083823	22	3
pdd店	1	20240109083823	23	3
pdd店	1	20240109083823	24	3
pdd店	1	20240109083823	25	3
pdd店	1	20240109083823	26	3
pdd店	1	20240109083823	27	3
pdd店	1	20240109083823	28	3
pdd店	1	20240109083823	29	3
pdd店	1	20240109083823	30	3
pdd店	1	20240109083823	31	3
pdd店	1	20240109083823	32	3
pdd店	1	20240109083823	33	3
pdd店	1	20240109083823	34	3
pdd店	1	20240109083823	35	3
pdd店	1	20240109083823	36	3
pdd店	1	20240109083823	37	3
pdd店	1	20240109083823	38	3
pdd店	1	20240109083823	39	3
pdd店	1	20240109083823	40	3
pdd店	1	20240109083823	41	3
pdd店	1	20240109083823	42	3
pdd店	1	20240109083823	43	3
pdd店	1	20240109083823	44	3
pdd店	1	20240109083823	45	3
pdd店	1	20240109083823	46	3
pdd店	1	20240109083823	47	3
pdd店	1	20240109083823	48	3
pdd店	1	20240109083823	49	3
pdd店	1	20240109083823	50	3
pdd店	1	20240109083823	51	3
pdd店	1	20240109083823	52	3
pdd店	1	20240109083823	53	3
pdd店	1	20240109083823	54	3
pdd店	1	20240109083823	55	3
pdd店	1	20240109083823	56	3
pdd店	1	20240109083823	57	3
pdd店	1	20240109083823	58	3
pdd店	1	20240109083823	59	3
pdd店	1	20240109083823	60	3
pdd店	1	20240109083823	61	3
pdd店	1	20240109083823	62	3
pdd店	1	20240109083823	63	3
pdd店	1	20240109083823	64	3
pdd店	1	20240109083823	65	3
pdd店	1	20240109083823	66	3
pdd店	1	20240109083823	67	3
pdd店	1	20240109083823	68	3
pdd店	1	20240109083823	69	3
pdd店	1	20240109083823	70	3
pdd店	1	20240109083823	71	3
pdd店	1	20240109083823	72	3
pdd店	1	20240109083823	73	3
pdd店	1	20240109083823	74	3
pdd店	1	20240109083823	75	3
pdd店	1	20240109083823	76	3
pdd店	1	20240109083823	77	3
pdd店	1	20240109083823	78	3
pdd店	1	20240109083823	79	3
pdd店	1	20240109083823	80	3
pdd店	1	20240109083823	81	3
pdd店	1	20240109083823	82	3
pdd店	1	20240109083823	83	3
pdd店	1	20240109083823	84	3
pdd店	1	20240109083823	85	3
pdd店	1	20240109083823	86	3
pdd店	1	20240109083823	87	3
pdd店	1	20240109083823	88	3
pdd店	1	20240109083823	89	3
pdd店	1	20240109083823	90	3
pdd店	1	20240109083823	91	3
pdd店	1	20240109083823	92	3
pdd店	1	20240109083823	93	3
pdd店	1	20240109083823	94	3
pdd店	1	20240109083823	95	3
pdd店	1	20240109083823	96	3
pdd店	1	20240109083823	97	3
pdd店	1	20240109083823	98	3
pdd店	1	20240109083823	99	3
pdd店	1	20240109083823	100	3
pdd店	1	20240109083823	101	3
pdd店	1	20240109083823	102	3
pdd店	1	20240109083823	103	3
pdd店	1	20240109083823	104	3
pdd店	1	20240109083823	105	3
pdd店	1	20240109083823	106	3
pdd店	1	20240109083823	107	3
pdd店	1	20240109083823	108	3
pdd店	1	20240109083823	109	3
pdd店	1	20240109083823	110	3
pdd店	1	20240109083823	111	3
pdd店	1	20240109083823	112	3
pdd店	1	20240109083823	113	3
pdd店	1	20240109083823	114	3
pdd店	1	20240109083823	115	3
pdd店	1	20240109083823	116	3
pdd店	1	20240109083823	117	3
pdd店	1	20240109083823	118	3
pdd店	1	20240109083823	119	3
pdd店	1	20240109083823	120	3
pdd店	1	20240109083823	121	3
pdd店	1	20240109083823	122	3
pdd店	1	20240109083823	123	3
pdd店	1	20240109083823	124	3
pdd店	1	20240109083823	125	3
pdd店	1	20240109083823	126	3
pdd店	1	20240109083823	127	3
pdd店	1	20240109083823	128	3
pdd店	1	20240109083823	129	3
pdd店	1	20240109083823	130	3
pdd店	1	20240109083823	131	3
pdd店	1	20240109083823	132	3
pdd店	1	20240109083823	133	3
pdd店	1	20240109083823	134	3
pdd店	1	20240109083823	135	3
pdd店	1	20240109083823	136	3
pdd店	1	20240109083823	137	3
pdd店	1	20240109083823	138	3
pdd店	1	20240109083823	139	3
pdd店	1	20240109083823	140	3
pdd店	1	20240109083823	141	3
pdd店	1	20240109083823	142	3
pdd店	1	20240109083823	143	3
pdd店	1	20240109083823	144	3
pdd店	1	20240109083823	145	3
pdd店	1	20240109083823	146	3
pdd店	1	20240109083823	147	3
pdd店	1	20240109083823	148	3
pdd店	1	20240109083823	149	3
pdd店	1	20240109083823	150	3
pdd店	1	20240109083823	151	3
pdd店	1	20240109083823	152	3
pdd店	1	20240109083823	153	3
pdd店	1	20240109083823	154	3
pdd店	1	20240109083823	155	3
pdd店	1	20240109083823	156	3
pdd店	1	20240109083823	157	3
pdd店	1	20240109083823	158	3
pdd店	1	20240109083823	159	3
pdd店	1	20240109083823	160	3
pdd店	1	20240109083823	161	3
pdd店	1	20240109083823	162	3
pdd店	1	20240109083823	163	3
pdd店	1	20240109083823	164	3
pdd店	1	20240109083823	165	3
pdd店	1	20240109083823	166	3
pdd店	1	20240109083823	167	3
pdd店	1	20240109083823	168	3
pdd店	1	20240109083823	169	3
pdd店	1	20240109083823	170	3
pdd店	1	20240109083823	171	3
pdd店	1	20240109083823	172	3
pdd店	1	20240109083823	173	3
pdd店	1	20240109083823	174	3
pdd店	1	20240109083823	175	3
pdd店	1	20240109083823	176	3
pdd店	1	20240109083823	177	3
pdd店	1	20240109083823	178	3
pdd店	1	20240109083823	179	3
pdd店	1	20240109083823	180	3
pdd店	1	20240109083823	181	3
pdd店	1	20240109083823	182	3
pdd店	1	20240109083823	183	3
pdd店	1	20240109083823	184	3
pdd店	1	20240109083823	185	3
pdd店	1	20240109083823	186	3
pdd店	1	20240109083823	187	3
pdd店	1	20240109083823	188	3
pdd店	1	20240109083823	189	3
pdd店	1	20240109083823	190	3
pdd店	1	20240109083823	191	3
pdd店	1	20240109083823	192	3
pdd店	1	20240109083823	193	3
pdd店	1	20240109083823	194	3
pdd店	1	20240109083823	195	3
pdd店	1	20240109083823	196	3
pdd店	1	20240109083823	197	3
pdd店	1	20240109083823	198	3
pdd店	1	20240109083823	199	3
pdd店	1	20240109083823	200	3
pdd店	1	20240109083823	201	3
pdd店	1	20240109083823	202	3
pdd店	1	20240109083823	203	3
pdd店	1	20240109083823	204	3
pdd店	1	20240109083823	205	3
pdd店	1	20240109083823	206	3
pdd店	1	20240109083823	207	3
pdd店	1	20240109083823	208	3
pdd店	1	20240109083823	209	3
pdd店	1	20240109083823	210	3
pdd店	1	20240109083823	211	3
pdd店	1	20240109083823	212	3
pdd店	1	20240109083823	213	3
pdd店	1	20240109083823	214	3
pdd店	1	20240109083823	215	3
pdd店	1	20240109083823	216	3
pdd店	1	20240109083823	217	3
pdd店	1	20240109083823	218	3
pdd店	1	20240109083823	219	3
pdd店	1	20240109083823	220	3
pdd店	1	20240109083823	221	3
pdd店	1	20240109083823	222	3
pdd店	1	20240109083823	223	3
pdd店	1	20240109083823	224	3
pdd店	1	20240109083823	225	3
pdd店	1	20240109083823	226	3
pdd店	1	20240109083823	227	3
pdd店	1	20240109083823	228	3
pdd店	1	20240109083823	229	3
pdd店	1	20240109083823	230	3
pdd店	1	20240109083823	231	3
pdd店	1	20240109083823	232	3
pdd店	1	20240109083823	233	3
pdd店	1	20240109083823	234	3
pdd店	1	20240109083823	235	3
pdd店	1	20240109083823	236	3
pdd店	1	20240109083823	237	3
pdd店	1	20240109083823	238	3
pdd店	1	20240109083823	239	3
pdd店	1	20240109083823	240	3
pdd店	1	20240109083823	241	3
pdd店	1	20240109083823	242	3
pdd店	1	20240109083823	243	3
pdd店	1	20240109083823	244	3
pdd店	1	20240109083823	245	3
pdd店	1	20240109083823	246	3
pdd店	1	20240109083823	247	3
pdd店	1	20240109083823	248	3
pdd店	1	20240109083823	249	3
pdd店	1	20240109083823	250	3
pdd店	1	20240109083823	251	3
pdd店	1	20240109083823	252	3
pdd店	1	20240109083823	253	3
pdd店	1	20240109083823	254	3
pdd店	1	20240109083823	255	3
pdd店	1	20240109083823	256	3
pdd店	1	20240109083823	257	3
pdd店	1	20240109083823	258	3
pdd店	1	20240109083823	259	3
pdd店	1	20240109083823	260	3
pdd店	1	20240109083823	261	3
pdd店	1	20240109083823	262	3
pdd店	1	20240109083823	263	3
pdd店	1	20240109083823	264	3
pdd店	1	20240109083823	265	3
pdd店	1	20240109083823	266	3
pdd店	1	20240109083823	267	3
pdd店	1	20240109083823	268	3
pdd店	1	20240109083823	269	3
pdd店	1	20240109083823	270	3
pdd店	1	20240109083823	271	3
pdd店	1	20240109083823	272	3
pdd店	1	20240109083823	273	3
pdd店	1	20240109083823	274	3
pdd店	1	20240109083823	275	3
pdd店	1	20240109083823	276	3
pdd店	1	20240109083823	277	3
pdd店	1	20240109083823	278	3
pdd店	1	20240109083823	279	3
pdd店	1	20240109083823	280	3
pdd店	1	20240109083823	281	3
pdd店	1	20240109083823	282	3
pdd店	1	20240109083823	283	3
pdd店	1	20240109083823	284	3
pdd店	1	20240109083823	285	3
pdd店	1	20240109083823	286	3
pdd店	1	20240109083823	287	3
pdd店	1	20240109083823	288	3
pdd店	1	20240109083823	289	3
pdd店	1	20240109083823	290	3
pdd店	1	20240109083823	291	3
pdd店	1	20240109083823	292	3
pdd店	1	20240109083823	293	3
pdd店	1	20240109083823	294	3
pdd店	1	20240109083823	295	3
pdd店	1	20240109083823	296	3
pdd店	1	20240109083823	297	3
pdd店	1	20240109083823	298	3
pdd店	1	20240109083823	299	3
pdd店	1	20240109083823	300	3
pdd店	1	20240109083823	301	3
pdd店	1	20240109083823	302	3
pdd店	1	20240109083823	303	3
pdd店	1	20240109083823	304	3
pdd店	1	20240109083823	305	3
pdd店	1	20240109083823	306	3
pdd店	1	20240109083823	307	3
pdd店	1	20240109083906	0	3
pdd店	1	20240109083906	1	3
pdd店	1	20240109083906	2	3
pdd店	1	20240109083906	3	3
pdd店	1	20240109083906	4	3
pdd店	1	20240109083906	5	3
pdd店	1	20240109083906	6	3
pdd店	1	20240109083906	7	3
pdd店	1	20240109083906	8	3
pdd店	1	20240109083906	9	3
pdd店	1	20240109083906	10	3
pdd店	1	20240109083906	11	3
pdd店	1	20240109083906	12	3
pdd店	1	20240109083906	13	3
pdd店	1	20240109083906	14	3
pdd店	1	20240109083906	15	3
pdd店	1	20240109083906	16	3
pdd店	1	20240109083906	17	3
pdd店	1	20240109083906	18	3
pdd店	1	20240109083906	19	3
pdd店	1	20240109083906	20	3
pdd店	1	20240109083906	21	3
pdd店	1	20240109083906	22	3
pdd店	1	20240109083906	23	3
pdd店	1	20240109083906	24	3
pdd店	1	20240109083906	25	3
pdd店	1	20240109083906	26	3
pdd店	1	20240109083906	27	3
pdd店	1	20240109083906	28	3
pdd店	1	20240109083906	29	3
pdd店	1	20240109083906	30	3
pdd店	1	20240109083906	31	3
pdd店	1	20240109083906	32	3
pdd店	1	20240109083906	33	3
pdd店	1	20240109083906	34	3
pdd店	1	20240109083906	35	3
pdd店	1	20240109083906	36	3
pdd店	1	20240109083906	37	3
pdd店	1	20240109083906	38	3
pdd店	1	20240109083906	39	3
pdd店	1	20240109083906	40	3
pdd店	1	20240109083906	41	3
pdd店	1	20240109083906	42	3
pdd店	1	20240109083906	43	3
pdd店	1	20240109083906	44	3
pdd店	1	20240109083906	45	3
pdd店	1	20240109083906	46	3
pdd店	1	20240109083906	47	3
pdd店	1	20240109083906	48	3
pdd店	1	20240109083906	49	3
pdd店	1	20240109083906	50	3
pdd店	1	20240109083906	51	3
pdd店	1	20240109083906	52	3
pdd店	1	20240109083906	53	3
pdd店	1	20240109083906	54	3
pdd店	1	20240109083906	55	3
pdd店	1	20240109083906	56	3
pdd店	1	20240109083906	57	3
pdd店	1	20240109083906	58	3
pdd店	1	20240109083906	59	3
pdd店	1	20240109083906	60	3
pdd店	1	20240109083906	61	3
pdd店	1	20240109083906	62	3
