20231121112012	0	9
旗舰店	20231121112012	0	9
旗舰店	20231121112012	1	9
旗舰店	20231121112012	2	9
旗舰店	20231121112012	3	9
旗舰店	20231121112012	4	9
旗舰店	20231121112012	5	9
旗舰店	20231121112012	6	9
旗舰店	20231121112012	7	9
旗舰店	20231121112012	8	9
旗舰店	20231121112012	9	9
旗舰店	20231121112012	10	9
旗舰店	20231121112012	11	9
旗舰店	20231121112012	12	9
旗舰店	20231121112012	13	9
旗舰店	20231121112012	14	9
旗舰店	20231121112012	15	9
旗舰店	20231121112012	16	9
旗舰店	20231121112012	17	9
旗舰店	20231121112012	18	9
旗舰店	20231121112012	19	9
旗舰店	20231121112012	20	9
旗舰店	20231121112012	21	9
旗舰店	20231121112012	22	9
旗舰店	20231121112012	23	9
旗舰店	20231121112012	24	9
旗舰店	20231121112012	25	9
旗舰店	20231121112012	26	9
旗舰店	20231121112012	27	9
旗舰店	20231121112012	28	9
旗舰店	20231121112012	29	9
旗舰店	20231121112012	30	9
旗舰店	20231121112012	31	9
旗舰店	20231121112012	32	9
旗舰店	20231121112012	33	9
旗舰店	20231121112012	34	9
旗舰店	20231121112012	35	9
旗舰店	20231121112012	36	9
旗舰店	20231121112012	37	9
旗舰店	20231121112012	38	9
旗舰店	20231121112012	39	10
旗舰店	20231121112012	40	10
旗舰店	20231121112012	41	10
旗舰店	20231121112012	42	10
旗舰店	20231121112012	43	10
旗舰店	20231121112012	44	10
旗舰店	20231121112012	45	10
旗舰店	20231121112012	46	10
旗舰店	20231121112012	47	10
旗舰店	20231121112012	48	10
旗舰店	20231121112012	49	10
旗舰店	20231121112012	50	10
旗舰店	20231121112012	51	10
旗舰店	20231121112012	52	10
旗舰店	20231121112012	53	10
旗舰店	20231121112012	54	11
旗舰店	20231121112012	55	11
旗舰店	20231121112012	56	11
旗舰店	20231121112012	57	11
旗舰店	20231121112012	58	11
旗舰店	20231121112012	59	11
旗舰店	20231121112012	60	11
旗舰店	20231121112012	61	11
