旗舰店	20231124113340	0	0
旗舰店	20231124113340	1	0
旗舰店	20231124113340	2	0
旗舰店	20231124113340	3	0
旗舰店	20231124113340	4	0
旗舰店	20231124113340	5	0
旗舰店	20231124113340	6	0
旗舰店	20231124113340	7	0
旗舰店	20231124113340	8	0
旗舰店	20231124113340	9	0
旗舰店	20231124113340	10	0
旗舰店	20231124113340	11	0
旗舰店	20231124113340	12	0
旗舰店	20231124113340	13	0
旗舰店	20231124113340	14	0
旗舰店	20231124113340	15	0
旗舰店	20231124113340	16	0
旗舰店	20231124113340	17	0
旗舰店	20231124113340	18	0
旗舰店	20231124113340	19	0
旗舰店	20231124113340	20	0
旗舰店	20231124113340	21	0
旗舰店	20231124113340	22	0
旗舰店	20231124113340	23	0
旗舰店	20231124113340	24	0
旗舰店	20231124113340	25	0
旗舰店	20231124113340	26	1
旗舰店	20231124113340	27	1
旗舰店	20231124113340	28	1
旗舰店	20231124113340	29	1
旗舰店	20231124113340	30	1
旗舰店	20231124113340	31	1
旗舰店	20231124113340	32	1
旗舰店	20231124113340	33	1
旗舰店	20231124113340	34	1
旗舰店	20231124113340	35	1
旗舰店	20231124113340	36	1
旗舰店	20231124113340	37	1
旗舰店	20231124113340	38	1
旗舰店	20231124113340	39	1
旗舰店	20231124113340	40	1
旗舰店	20231124113340	41	1
旗舰店	20231124113340	42	1
旗舰店	20231124113340	43	1
旗舰店	20231124113340	44	2
旗舰店	20231124113340	45	2
旗舰店	20231124113340	46	2
旗舰店	20231124113340	47	2
旗舰店	20231124113340	48	2
旗舰店	20231124113340	49	2
旗舰店	20231124113340	50	2
旗舰店	20231124113340	51	2
旗舰店	20231124113340	52	2
旗舰店	20231124113340	53	2
旗舰店	20231124113340	54	2
旗舰店	20231124113340	55	2
旗舰店	20231124113340	56	2
旗舰店	20231124113340	57	2
旗舰店	20231124113340	58	2
旗舰店	20231124113340	59	2
旗舰店	20231124113340	60	2
旗舰店	20231124113340	61	2
旗舰店	20231124113340	62	2
旗舰店	20231124113340	63	3
旗舰店	20231124113340	64	3
旗舰店	20231124113340	65	3
旗舰店	20231124113340	66	3
旗舰店	20231124113340	67	3
旗舰店	20231124113340	68	3
旗舰店	20231124113340	69	3
旗舰店	20231124113340	70	3
旗舰店	20231124113340	71	3
旗舰店	20231124113340	72	3
旗舰店	20231124113340	73	3
旗舰店	20231124113340	74	3
旗舰店	20231124113340	75	3
旗舰店	20231124113340	76	3
旗舰店	20231124113340	77	3
旗舰店	20231124113340	78	3
旗舰店	20231124113340	79	3
旗舰店	20231124113340	80	3
旗舰店	20231124113340	81	3
旗舰店	20231124113340	82	3
旗舰店	20231124113340	83	3
旗舰店	20231124113340	84	3
旗舰店	20231124113340	85	3
旗舰店	20231124113340	86	3
旗舰店	20231124113340	87	3
旗舰店	20231124113340	88	3
旗舰店	20231124113340	89	4
旗舰店	20231124113340	90	5
旗舰店	20231124113340	91	5
旗舰店	20231124113340	92	5
旗舰店	20231124113340	93	5
旗舰店	20231124113340	94	5
旗舰店	20231124113340	95	5
旗舰店	20231124113340	96	5
旗舰店	20231124113340	97	5
旗舰店	20231124113340	98	5
旗舰店	20231124113340	99	5
旗舰店	20231124113340	100	5
旗舰店	20231124113340	101	5
旗舰店	20231124113340	102	5
旗舰店	20231124113340	103	5
旗舰店	20231124113340	104	5
旗舰店	20231124113340	105	5
旗舰店	20231124113340	106	5
旗舰店	20231124113340	107	5
旗舰店	20231124113340	108	5
旗舰店	20231124113340	109	5
旗舰店	20231124113340	110	5
旗舰店	20231124113340	111	5
旗舰店	20231124113340	112	5
旗舰店	20231124113340	113	5
旗舰店	20231124113340	114	5
旗舰店	20231124113340	115	5
旗舰店	20231124113340	116	5
旗舰店	20231124113340	117	5
旗舰店	20231124113340	118	5
旗舰店	20231124113340	119	5
旗舰店	20231124113340	120	5
旗舰店	20231124113340	121	5
旗舰店	20231124113340	122	5
旗舰店	20231124113340	123	5
旗舰店	20231124113340	124	6
旗舰店	20231124113340	125	6
旗舰店	20231124113340	126	6
旗舰店	20231124113340	127	6
旗舰店	20231124113340	128	6
旗舰店	20231124113340	129	6
旗舰店	20231124113340	130	6
旗舰店	20231124113340	131	6
旗舰店	20231124113340	132	6
旗舰店	20231124113340	133	6
旗舰店	20231124113340	134	6
旗舰店	20231124113340	135	6
旗舰店	20231124113340	136	6
旗舰店	20231124113340	137	6
旗舰店	20231124113340	138	6
旗舰店	20231124113340	139	6
旗舰店	20231124113340	140	6
旗舰店	20231124113340	141	6
旗舰店	20231124113340	142	6
旗舰店	20231124113340	143	6
旗舰店	20231124113340	144	6
旗舰店	20231124113340	145	6
旗舰店	20231124113340	146	6
旗舰店	20231124113340	147	6
旗舰店	20231124113340	148	6
旗舰店	20231124113340	149	6
旗舰店	20231124113340	150	6
旗舰店	20231124113340	151	6
旗舰店	20231124113340	152	6
旗舰店	20231124113340	153	6
旗舰店	20231124113340	154	6
旗舰店	20231124113340	155	6
旗舰店	20231124113340	156	6
旗舰店	20231124113340	157	6
旗舰店	20231124113340	158	6
旗舰店	20231124113340	159	6
旗舰店	20231124113340	160	6
旗舰店	20231124113340	161	6
旗舰店	20231124113340	162	6
旗舰店	20231124113340	163	6
旗舰店	20231124113340	164	6
旗舰店	20231124113340	165	6
旗舰店	20231124113340	166	6
旗舰店	20231124113340	167	6
旗舰店	20231124113340	168	6
旗舰店	20231124113340	169	6
旗舰店	20231124113340	170	6
旗舰店	20231124113340	171	6
旗舰店	20231124113340	172	6
旗舰店	20231124113340	173	6
旗舰店	20231124113340	174	6
旗舰店	20231124113340	175	6
旗舰店	20231124113340	176	6
旗舰店	20231124113340	177	6
旗舰店	20231124113340	178	6
旗舰店	20231124113340	179	6
旗舰店	20231124113340	180	6
旗舰店	20231124113340	181	6
旗舰店	20231124113340	182	6
旗舰店	20231124113340	183	6
旗舰店	20231124113340	184	6
旗舰店	20231124113340	185	6
旗舰店	20231124113340	186	6
旗舰店	20231124113340	187	6
旗舰店	20231124113340	188	6
旗舰店	20231124113340	189	6
旗舰店	20231124113340	190	6
旗舰店	20231124113340	191	6
旗舰店	20231124113340	192	6
旗舰店	20231124113340	193	6
旗舰店	20231124113340	194	6
旗舰店	20231124113340	195	6
旗舰店	20231124113340	196	6
旗舰店	20231124113340	197	6
旗舰店	20231124113411	0	6
旗舰店	20231124113411	1	6
旗舰店	20231124113411	2	6
旗舰店	20231124113411	3	6
旗舰店	20231124113411	4	6
旗舰店	20231124113411	5	6
旗舰店	20231124113411	6	6
旗舰店	20231124113411	7	6
旗舰店	20231124113411	8	6
旗舰店	20231124113411	9	6
旗舰店	20231124113411	10	6
旗舰店	20231124113411	11	6
旗舰店	20231124113411	12	6
旗舰店	20231124113411	13	6
旗舰店	20231124113411	14	6
旗舰店	20231124113411	15	6
旗舰店	20231124113411	16	6
旗舰店	20231124113411	17	6
旗舰店	20231124113411	18	6
旗舰店	20231124113411	19	6
旗舰店	20231124113411	20	6
旗舰店	20231124113411	21	6
旗舰店	20231124113411	22	6
旗舰店	20231124113411	23	6
旗舰店	20231124113411	24	6
旗舰店	20231124113411	25	6
旗舰店	20231124113411	26	6
旗舰店	20231124113411	27	6
旗舰店	20231124113411	28	6
旗舰店	20231124113411	29	6
旗舰店	20231124113411	30	6
旗舰店	20231124113411	31	6
旗舰店	20231124113411	32	6
旗舰店	20231124113411	33	6
旗舰店	20231124113411	34	6
旗舰店	20231124113411	35	6
旗舰店	20231124113411	36	6
旗舰店	20231124113411	37	6
旗舰店	20231124113411	38	6
旗舰店	20231124113411	39	6
旗舰店	20231124113411	40	6
旗舰店	20231124113411	41	6
旗舰店	20231124113411	42	6
旗舰店	20231124113411	43	6
旗舰店	20231124113411	44	6
旗舰店	20231124113411	45	6
旗舰店	20231124113411	46	6
旗舰店	20231124113411	47	6
旗舰店	20231124113411	48	6
旗舰店	20231124113411	49	6
旗舰店	20231124113411	50	6
旗舰店	20231124113411	51	6
旗舰店	20231124113411	52	6
旗舰店	20231124113411	53	6
旗舰店	20231124113411	54	6
旗舰店	20231124113411	55	6
旗舰店	20231124113411	56	6
旗舰店	20231124113411	57	6
旗舰店	20231124113411	58	6
旗舰店	20231124113411	59	6
旗舰店	20231124113411	60	6
旗舰店	20231124113411	61	6
旗舰店	20231124113411	62	6
旗舰店	20231124113411	63	6
旗舰店	20231124113411	64	6
旗舰店	20231124113411	65	6
旗舰店	20231124113411	66	6
旗舰店	20231124113411	67	6
旗舰店	20231124113411	68	6
旗舰店	20231124113411	69	6
旗舰店	20231124113411	70	6
旗舰店	20231124113411	71	6
旗舰店	20231124113411	72	6
旗舰店	20231124113411	73	6
旗舰店	20231124113411	74	6
旗舰店	20231124113411	75	6
旗舰店	20231124113411	76	6
旗舰店	20231124113411	77	6
旗舰店	20231124113411	78	7
旗舰店	20231124113411	79	7
旗舰店	20231124113411	80	7
旗舰店	20231124113411	81	7
旗舰店	20231124113411	82	7
旗舰店	20231124113411	83	7
旗舰店	20231124113411	84	7
旗舰店	20231124113411	85	7
旗舰店	20231124113411	86	7
旗舰店	20231124113411	87	7
旗舰店	20231124113411	88	7
旗舰店	20231124113411	89	7
