旗舰店	20231124105826	0	0
旗舰店	20231124105826	1	0
旗舰店	20231124105826	2	0
旗舰店	20231124105826	3	0
旗舰店	20231124105826	4	0
旗舰店	20231124105826	5	0
旗舰店	20231124105826	6	0
旗舰店	20231124105826	7	0
旗舰店	20231124105826	8	0
旗舰店	20231124105826	9	0
旗舰店	20231124105826	10	0
旗舰店	20231124105826	11	0
旗舰店	20231124105826	12	0
旗舰店	20231124105826	13	0
旗舰店	20231124105826	14	0
旗舰店	20231124105826	15	0
旗舰店	20231124105826	16	0
旗舰店	20231124105826	17	0
旗舰店	20231124105826	18	0
旗舰店	20231124105826	19	0
旗舰店	20231124105826	20	0
旗舰店	20231124105826	21	0
旗舰店	20231124105826	22	0
旗舰店	20231124105826	23	0
旗舰店	20231124105826	24	1
旗舰店	20231124105826	25	1
旗舰店	20231124105826	26	1
旗舰店	20231124105826	27	1
旗舰店	20231124105826	28	1
旗舰店	20231124105826	29	1
旗舰店	20231124105826	30	1
旗舰店	20231124105826	31	1
旗舰店	20231124105826	32	1
旗舰店	20231124105826	33	1
旗舰店	20231124105826	34	1
旗舰店	20231124105826	35	1
旗舰店	20231124105826	36	1
旗舰店	20231124105826	37	1
旗舰店	20231124105826	38	1
旗舰店	20231124105826	39	2
旗舰店	20231124105826	40	2
旗舰店	20231124105826	41	2
旗舰店	20231124105826	42	2
旗舰店	20231124105826	43	2
旗舰店	20231124105826	44	2
旗舰店	20231124105826	45	2
旗舰店	20231124105826	46	2
旗舰店	20231124105826	47	2
旗舰店	20231124105826	48	2
旗舰店	20231124105826	49	2
旗舰店	20231124105826	50	2
旗舰店	20231124105826	51	2
旗舰店	20231124105826	52	2
旗舰店	20231124105826	53	3
旗舰店	20231124105826	54	3
旗舰店	20231124105826	55	3
旗舰店	20231124105826	56	3
旗舰店	20231124105826	57	3
旗舰店	20231124105826	58	3
旗舰店	20231124105826	59	3
旗舰店	20231124105826	60	3
旗舰店	20231124105826	61	3
旗舰店	20231124105826	62	3
旗舰店	20231124105826	63	3
旗舰店	20231124105826	64	3
旗舰店	20231124105826	65	3
旗舰店	20231124105826	66	3
旗舰店	20231124105826	67	3
旗舰店	20231124105826	68	3
旗舰店	20231124105826	69	3
旗舰店	20231124105826	70	3
旗舰店	20231124105826	71	3
旗舰店	20231124105826	72	3
旗舰店	20231124105826	73	3
旗舰店	20231124105826	74	3
旗舰店	20231124105826	75	3
旗舰店	20231124105826	76	3
旗舰店	20231124105826	77	3
旗舰店	20231124105826	78	3
旗舰店	20231124105826	79	3
旗舰店	20231124105826	80	3
旗舰店	20231124105826	81	3
旗舰店	20231124105826	82	3
旗舰店	20231124105826	83	4
旗舰店	20231124105826	84	4
旗舰店	20231124105826	85	4
旗舰店	20231124105826	86	4
旗舰店	20231124105826	87	4
旗舰店	20231124105826	88	4
旗舰店	20231124105826	89	4
旗舰店	20231124105826	90	4
旗舰店	20231124105826	91	4
旗舰店	20231124105826	92	4
旗舰店	20231124105826	93	4
旗舰店	20231124105826	94	4
旗舰店	20231124105826	95	4
旗舰店	20231124105826	96	4
旗舰店	20231124105826	97	4
旗舰店	20231124105826	98	4
旗舰店	20231124105826	99	4
旗舰店	20231124105826	100	4
旗舰店	20231124105826	101	4
旗舰店	20231124105826	102	4
旗舰店	20231124105826	103	4
旗舰店	20231124105826	104	4
旗舰店	20231124105826	105	4
旗舰店	20231124105826	106	4
旗舰店	20231124105826	107	4
旗舰店	20231124105826	108	4
旗舰店	20231124105826	109	4
旗舰店	20231124105826	110	4
旗舰店	20231124105826	111	4
旗舰店	20231124105826	112	4
旗舰店	20231124105826	113	4
旗舰店	20231124105826	114	4
旗舰店	20231124105826	115	4
旗舰店	20231124105826	116	4
旗舰店	20231124105826	117	4
旗舰店	20231124105826	118	4
旗舰店	20231124105826	119	4
旗舰店	20231124105826	120	4
旗舰店	20231124105826	121	4
旗舰店	20231124105858	0	4
旗舰店	20231124105858	1	4
旗舰店	20231124105858	2	4
旗舰店	20231124105858	3	4
旗舰店	20231124105858	4	4
旗舰店	20231124105858	5	4
旗舰店	20231124105858	6	4
旗舰店	20231124105858	7	4
旗舰店	20231124105858	8	4
旗舰店	20231124105858	9	4
旗舰店	20231124105858	10	4
旗舰店	20231124105858	11	4
旗舰店	20231124105858	12	4
旗舰店	20231124105858	13	4
旗舰店	20231124105858	14	4
旗舰店	20231124105858	15	4
旗舰店	20231124105858	16	4
旗舰店	20231124105858	17	4
旗舰店	20231124105858	18	4
旗舰店	20231124105858	19	4
旗舰店	20231124105858	20	4
旗舰店	20231124105858	21	5
旗舰店	20231124105858	22	5
旗舰店	20231124105858	23	5
旗舰店	20231124105858	24	5
旗舰店	20231124105858	25	5
旗舰店	20231124105858	26	5
旗舰店	20231124105858	27	5
旗舰店	20231124105858	28	5
旗舰店	20231124105858	29	5
旗舰店	20231124105858	30	5
旗舰店	20231124105858	31	5
旗舰店	20231124105858	32	5
旗舰店	20231124105858	33	5
旗舰店	20231124105858	34	5
旗舰店	20231124105858	35	5
旗舰店	20231124105858	36	5
旗舰店	20231124105858	37	6
旗舰店	20231124105858	38	6
旗舰店	20231124105858	39	6
旗舰店	20231124105858	40	6
旗舰店	20231124105858	41	6
旗舰店	20231124105858	42	6
旗舰店	20231124105858	43	6
旗舰店	20231124105858	44	6
旗舰店	20231124105858	45	6
旗舰店	20231124105858	46	6
旗舰店	20231124105858	47	6
旗舰店	20231124105858	48	6
旗舰店	20231124105858	49	6
旗舰店	20231124105858	50	6
旗舰店	20231124105858	51	6
旗舰店	20231124105858	52	6
旗舰店	20231124105858	53	6
旗舰店	20231124105858	54	6
旗舰店	20231124105858	55	6
旗舰店	20231124105858	56	6
旗舰店	20231124105858	57	6
旗舰店	20231124105858	58	6
旗舰店	20231124105858	59	6
旗舰店	20231124105858	60	6
旗舰店	20231124105858	61	6
旗舰店	20231124105858	62	6
旗舰店	20231124105858	63	6
旗舰店	20231124105858	64	6
旗舰店	20231124105858	65	6
旗舰店	20231124105858	66	6
旗舰店	20231124105858	67	6
旗舰店	20231124105858	68	6
旗舰店	20231124105858	69	6
旗舰店	20231124105858	70	6
旗舰店	20231124105858	71	6
旗舰店	20231124105858	72	6
旗舰店	20231124105858	73	6
旗舰店	20231124105858	74	6
旗舰店	20231124105858	75	6
旗舰店	20231124105858	76	6
旗舰店	20231124105858	77	6
旗舰店	20231124105858	78	6
旗舰店	20231124105858	79	6
旗舰店	20231124105858	80	6
旗舰店	20231124105858	81	6
旗舰店	20231124105858	82	6
旗舰店	20231124105858	83	6
旗舰店	20231124105858	84	6
旗舰店	20231124105858	85	6
旗舰店	20231124105858	86	6
旗舰店	20231124105858	87	6
旗舰店	20231124105858	88	6
旗舰店	20231124105858	89	6
旗舰店	20231124105858	90	6
旗舰店	20231124105858	91	6
旗舰店	20231124105858	92	6
旗舰店	20231124105858	93	6
旗舰店	20231124105858	94	6
旗舰店	20231124105858	95	6
旗舰店	20231124105858	96	6
旗舰店	20231124105858	97	6
旗舰店	20231124105858	98	6
旗舰店	20231124105858	99	6
旗舰店	20231124105858	100	6
旗舰店	20231124105858	101	6
旗舰店	20231124105858	102	6
旗舰店	20231124105858	103	6
旗舰店	20231124105858	104	6
旗舰店	20231124105858	105	6
旗舰店	20231124105858	106	6
旗舰店	20231124105858	107	6
旗舰店	20231124105858	108	6
旗舰店	20231124105858	109	6
旗舰店	20231124105858	110	6
旗舰店	20231124105858	111	6
旗舰店	20231124105858	112	6
旗舰店	20231124105858	113	6
旗舰店	20231124105858	114	6
旗舰店	20231124105858	115	6
旗舰店	20231124105858	116	6
旗舰店	20231124105858	117	6
旗舰店	20231124105858	118	6
旗舰店	20231124105858	119	6
旗舰店	20231124105858	120	6
旗舰店	20231124105858	121	6
旗舰店	20231124105858	122	6
旗舰店	20231124105858	123	6
旗舰店	20231124105858	124	6
旗舰店	20231124105858	125	6
旗舰店	20231124105858	126	6
旗舰店	20231124105858	127	6
旗舰店	20231124105858	128	6
旗舰店	20231124105858	129	6
旗舰店	20231124105858	130	6
旗舰店	20231124105858	131	6
旗舰店	20231124105858	132	6
旗舰店	20231124105858	133	6
旗舰店	20231124105858	134	6
旗舰店	20231124105858	135	6
旗舰店	20231124105858	136	6
旗舰店	20231124105858	137	6
旗舰店	20231124105858	138	6
旗舰店	20231124105858	139	6
旗舰店	20231124105858	140	6
旗舰店	20231124105858	141	6
旗舰店	20231124105858	142	6
旗舰店	20231124105858	143	6
旗舰店	20231124105858	144	6
旗舰店	20231124105858	145	6
旗舰店	20231124105858	146	6
旗舰店	20231124105858	147	6
旗舰店	20231124105858	148	6
旗舰店	20231124105858	149	6
旗舰店	20231124105858	150	6
旗舰店	20231124105858	151	6
旗舰店	20231124105858	152	6
旗舰店	20231124105858	153	6
旗舰店	20231124105858	154	6
旗舰店	20231124105858	155	6
旗舰店	20231124105858	156	6
旗舰店	20231124105858	157	6
旗舰店	20231124105858	158	6
旗舰店	20231124105858	159	6
旗舰店	20231124105858	160	6
旗舰店	20231124105858	161	6
旗舰店	20231124105858	162	6
旗舰店	20231124105858	163	6
旗舰店	20231124105858	164	6
旗舰店	20231124105858	165	6
旗舰店	20231124105858	166	6
旗舰店	20231124105858	167	6
旗舰店	20231124105858	168	6
旗舰店	20231124105858	169	6
旗舰店	20231124105858	170	6
旗舰店	20231124105858	171	6
旗舰店	20231124105858	172	6
旗舰店	20231124105858	173	6
旗舰店	20231124105858	174	6
旗舰店	20231124105858	175	6
旗舰店	20231124105858	176	6
旗舰店	20231124105858	177	6
旗舰店	20231124105858	178	6
旗舰店	20231124105858	179	6
旗舰店	20231124105858	180	6
旗舰店	20231124105858	181	6
旗舰店	20231124105858	182	6
旗舰店	20231124105858	183	6
旗舰店	20231124105858	184	6
旗舰店	20231124105858	185	6
旗舰店	20231124105858	186	6
旗舰店	20231124105858	187	6
旗舰店	20231124105858	188	6
旗舰店	20231124105858	189	6
旗舰店	20231124105858	190	6
旗舰店	20231124105858	191	6
旗舰店	20231124105858	192	6
旗舰店	20231124105858	193	6
旗舰店	20231124105858	194	6
旗舰店	20231124105858	195	6
旗舰店	20231124105858	196	6
旗舰店	20231124105858	197	6
旗舰店	20231124105858	198	6
旗舰店	20231124105858	199	6
旗舰店	20231124105858	200	6
旗舰店	20231124105858	201	6
旗舰店	20231124105858	202	6
旗舰店	20231124105858	203	6
旗舰店	20231124105858	204	6
旗舰店	20231124105858	205	6
旗舰店	20231124105858	206	6
旗舰店	20231124105858	207	6
旗舰店	20231124105858	208	6
旗舰店	20231124105858	209	6
旗舰店	20231124105858	210	6
旗舰店	20231124105858	211	6
旗舰店	20231124105858	212	6
旗舰店	20231124105858	213	6
旗舰店	20231124105858	214	6
旗舰店	20231124105858	215	7
旗舰店	20231124105858	216	7
旗舰店	20231124105858	217	7
旗舰店	20231124105858	218	7
旗舰店	20231124105858	219	7
旗舰店	20231124105858	220	7
旗舰店	20231124105858	221	7
旗舰店	20231124105858	222	7
旗舰店	20231124105858	223	7
旗舰店	20231124105858	224	7
旗舰店	20231124105858	225	7
旗舰店	20231124105858	226	7
旗舰店	20231124105858	227	7
旗舰店	20231124105858	228	7
旗舰店	20231124105858	229	7
旗舰店	20231124105858	230	7
旗舰店	20231124105858	231	7
旗舰店	20231124105858	232	7
旗舰店	20231124105858	233	7
旗舰店	20231124105858	234	7
旗舰店	20231124105858	235	7
旗舰店	20231124105858	236	7
旗舰店	20231124105858	237	7
旗舰店	20231124105858	238	7
旗舰店	20231124105858	239	7
旗舰店	20231124105858	240	8
旗舰店	20231124105858	241	8
旗舰店	20231124105858	242	8
旗舰店	20231124105858	243	8
旗舰店	20231124105858	244	8
旗舰店	20231124105858	245	9
旗舰店	20231124105858	246	9
旗舰店	20231124105858	247	9
旗舰店	20231124105858	248	9
旗舰店	20231124105858	249	9
旗舰店	20231124105858	250	9
旗舰店	20231124105858	251	9
旗舰店	20231124105858	252	9
旗舰店	20231124105858	253	9
旗舰店	20231124105858	254	9
旗舰店	20231124105858	255	9
旗舰店	20231124105858	256	9
旗舰店	20231124105858	257	9
旗舰店	20231124105858	258	9
旗舰店	20231124105858	259	9
旗舰店	20231124105858	260	9
旗舰店	20231124105858	261	9
旗舰店	20231124105858	262	9
旗舰店	20231124105858	263	9
旗舰店	20231124105858	264	9
旗舰店	20231124105858	265	9
旗舰店	20231124105858	266	9
旗舰店	20231124105858	267	9
旗舰店	20231124105858	268	9
旗舰店	20231124105858	269	9
旗舰店	20231124105858	270	9
旗舰店	20231124105858	271	9
旗舰店	20231124105858	272	9
旗舰店	20231124105858	273	9
旗舰店	20231124105858	274	9
旗舰店	20231124105858	275	9
旗舰店	20231124105858	276	9
旗舰店	20231124105858	277	9
旗舰店	20231124105858	278	9
旗舰店	20231124105858	279	9
旗舰店	20231124105858	280	9
旗舰店	20231124105858	281	9
旗舰店	20231124105858	282	9
旗舰店	20231124105858	283	9
旗舰店	20231124105858	284	9
旗舰店	20231124105858	285	9
旗舰店	20231124105858	286	9
旗舰店	20231124105858	287	9
旗舰店	20231124105858	288	9
旗舰店	20231124105858	289	9
旗舰店	20231124105858	290	9
旗舰店	20231124105858	291	9
旗舰店	20231124105858	292	9
旗舰店	20231124105858	293	9
旗舰店	20231124105858	294	9
旗舰店	20231124105858	295	9
旗舰店	20231124105858	296	9
旗舰店	20231124105858	297	9
旗舰店	20231124105858	298	9
旗舰店	20231124105858	299	9
旗舰店	20231124105858	300	9
旗舰店	20231124105858	301	9
旗舰店	20231124105858	302	9
旗舰店	20231124105858	303	9
旗舰店	20231124105858	304	9
旗舰店	20231124105858	305	9
旗舰店	20231124105858	306	9
旗舰店	20231124105858	307	9
旗舰店	20231124105858	308	9
旗舰店	20231124105858	309	9
旗舰店	20231124105858	310	9
旗舰店	20231124105858	311	9
旗舰店	20231124105858	312	9
旗舰店	20231124105858	313	9
旗舰店	20231124105858	314	9
旗舰店	20231124105858	315	9
旗舰店	20231124105858	316	9
旗舰店	20231124105858	317	9
旗舰店	20231124105858	318	9
旗舰店	20231124105858	319	9
旗舰店	20231124105858	320	9
旗舰店	20231124105858	321	9
旗舰店	20231124105858	322	9
旗舰店	20231124105858	323	9
旗舰店	20231124105858	324	9
旗舰店	20231124105858	325	9
旗舰店	20231124105858	326	9
旗舰店	20231124105858	327	9
旗舰店	20231124105858	328	9
旗舰店	20231124105858	329	9
旗舰店	20231124105858	330	9
旗舰店	20231124105858	331	9
旗舰店	20231124105858	332	9
旗舰店	20231124105858	333	9
旗舰店	20231124105858	334	9
旗舰店	20231124105858	335	9
旗舰店	20231124105858	336	9
旗舰店	20231124105858	337	9
旗舰店	20231124105858	338	9
旗舰店	20231124105858	339	9
旗舰店	20231124105858	340	9
旗舰店	20231124105858	341	9
旗舰店	20231124105858	342	9
旗舰店	20231124105858	343	9
旗舰店	20231124105858	344	9
旗舰店	20231124105858	345	9
旗舰店	20231124105858	346	9
旗舰店	20231124105858	347	9
旗舰店	20231124105858	348	9
旗舰店	20231124105858	349	9
旗舰店	20231124105858	350	9
旗舰店	20231124105858	351	9
旗舰店	20231124105858	352	9
旗舰店	20231124105858	353	9
旗舰店	20231124105858	354	9
旗舰店	20231124105858	355	9
旗舰店	20231124105858	356	9
旗舰店	20231124105858	357	9
旗舰店	20231124105858	358	9
旗舰店	20231124105858	359	9
旗舰店	20231124105858	360	9
旗舰店	20231124105858	361	9
旗舰店	20231124105858	362	9
旗舰店	20231124105858	363	9
旗舰店	20231124105858	364	9
旗舰店	20231124105858	365	9
旗舰店	20231124105858	366	9
旗舰店	20231124105858	367	9
旗舰店	20231124105858	368	9
旗舰店	20231124105858	369	9
旗舰店	20231124105858	370	9
旗舰店	20231124105858	371	9
旗舰店	20231124105858	372	9
旗舰店	20231124105858	373	9
旗舰店	20231124105858	374	9
旗舰店	20231124105858	375	9
旗舰店	20231124105858	376	9
旗舰店	20231124105858	377	9
旗舰店	20231124105858	378	9
旗舰店	20231124105858	379	9
旗舰店	20231124105858	380	9
旗舰店	20231124105858	381	9
旗舰店	20231124105858	382	9
旗舰店	20231124105858	383	9
旗舰店	20231124105858	384	9
旗舰店	20231124105858	385	9
旗舰店	20231124105858	386	9
旗舰店	20231124105858	387	9
旗舰店	20231124105858	388	9
旗舰店	20231124105858	389	9
旗舰店	20231124105858	390	9
旗舰店	20231124105858	391	9
旗舰店	20231124105858	392	9
旗舰店	20231124105858	393	9
旗舰店	20231124105858	394	9
旗舰店	20231124105858	395	9
旗舰店	20231124105858	396	9
旗舰店	20231124105858	397	9
旗舰店	20231124105858	398	9
旗舰店	20231124105858	399	9
旗舰店	20231124105858	400	9
旗舰店	20231124105858	401	9
旗舰店	20231124105858	402	9
旗舰店	20231124105858	403	9
旗舰店	20231124105858	404	9
旗舰店	20231124105858	405	9
旗舰店	20231124105858	406	9
旗舰店	20231124105858	407	9
旗舰店	20231124105858	408	9
旗舰店	20231124105858	409	9
旗舰店	20231124105858	410	9
旗舰店	20231124105858	411	9
旗舰店	20231124105858	412	9
旗舰店	20231124105858	413	9
旗舰店	20231124105858	414	9
旗舰店	20231124105858	415	9
旗舰店	20231124105858	416	9
旗舰店	20231124105858	417	9
旗舰店	20231124105858	418	9
旗舰店	20231124105858	419	9
旗舰店	20231124105858	420	9
旗舰店	20231124105858	421	9
旗舰店	20231124105858	422	9
旗舰店	20231124105858	423	9
旗舰店	20231124105858	424	9
旗舰店	20231124105858	425	9
旗舰店	20231124105858	426	9
旗舰店	20231124105858	427	9
旗舰店	20231124105858	428	9
旗舰店	20231124105858	429	9
旗舰店	20231124105858	430	9
旗舰店	20231124105858	431	9
旗舰店	20231124105858	432	9
旗舰店	20231124105858	433	9
旗舰店	20231124105858	434	9
旗舰店	20231124105858	435	9
旗舰店	20231124105858	436	9
旗舰店	20231124105858	437	9
旗舰店	20231124105858	438	9
旗舰店	20231124105858	439	9
旗舰店	20231124105858	440	9
旗舰店	20231124105858	441	9
旗舰店	20231124105858	442	9
旗舰店	20231124105858	443	9
旗舰店	20231124105858	444	9
旗舰店	20231124105858	445	9
旗舰店	20231124105858	446	9
旗舰店	20231124105858	447	9
旗舰店	20231124105858	448	9
旗舰店	20231124105858	449	9
旗舰店	20231124105858	450	9
旗舰店	20231124105858	451	9
旗舰店	20231124105858	452	9
旗舰店	20231124105858	453	9
旗舰店	20231124105858	454	9
旗舰店	20231124105858	455	9
旗舰店	20231124105858	456	9
旗舰店	20231124105858	457	9
旗舰店	20231124105858	458	9
旗舰店	20231124105858	459	9
旗舰店	20231124105858	460	9
旗舰店	20231124105858	461	9
旗舰店	20231124105858	462	9
旗舰店	20231124105858	463	9
旗舰店	20231124105858	464	9
旗舰店	20231124105858	465	9
旗舰店	20231124105858	466	9
旗舰店	20231124105858	467	9
旗舰店	20231124105858	468	9
旗舰店	20231124105858	469	9
旗舰店	20231124105858	470	9
旗舰店	20231124105858	471	9
旗舰店	20231124105858	472	9
旗舰店	20231124105858	473	9
旗舰店	20231124105858	474	9
旗舰店	20231124105858	475	9
旗舰店	20231124105858	476	9
旗舰店	20231124105858	477	9
旗舰店	20231124105858	478	9
旗舰店	20231124105858	479	9
旗舰店	20231124105858	480	9
旗舰店	20231124105858	481	9
旗舰店	20231124105858	482	9
旗舰店	20231124105858	483	9
旗舰店	20231124105858	484	9
旗舰店	20231124105858	485	9
旗舰店	20231124105858	486	9
旗舰店	20231124105858	487	9
旗舰店	20231124105858	488	9
旗舰店	20231124105858	489	9
旗舰店	20231124105858	490	9
旗舰店	20231124105858	491	9
旗舰店	20231124105858	492	9
旗舰店	20231124105858	493	9
旗舰店	20231124105858	494	9
旗舰店	20231124105858	495	9
旗舰店	20231124105858	496	9
旗舰店	20231124105858	497	9
旗舰店	20231124105858	498	9
旗舰店	20231124105858	499	9
旗舰店	20231124105858	500	9
旗舰店	20231124105858	501	9
旗舰店	20231124105858	502	9
旗舰店	20231124105858	503	9
旗舰店	20231124105858	504	9
旗舰店	20231124105858	505	9
旗舰店	20231124105858	506	9
旗舰店	20231124105858	507	9
旗舰店	20231124105858	508	9
旗舰店	20231124105858	509	9
旗舰店	20231124105858	510	9
旗舰店	20231124105858	511	9
旗舰店	20231124105858	512	9
旗舰店	20231124105858	513	9
旗舰店	20231124105858	514	9
旗舰店	20231124105858	515	9
旗舰店	20231124105858	516	9
旗舰店	20231124105858	517	9
旗舰店	20231124105858	518	9
旗舰店	20231124105858	519	9
旗舰店	20231124105858	520	9
旗舰店	20231124105858	521	9
旗舰店	20231124105858	522	9
旗舰店	20231124105858	523	9
旗舰店	20231124105858	524	9
旗舰店	20231124105858	525	9
旗舰店	20231124105858	526	9
旗舰店	20231124105858	527	10
旗舰店	20231124105858	528	10
旗舰店	20231124105858	529	10
旗舰店	20231124105858	530	10
旗舰店	20231124105858	531	10
旗舰店	20231124105858	532	10
旗舰店	20231124105858	533	10
旗舰店	20231124105858	534	10
旗舰店	20231124105858	535	10
旗舰店	20231124105858	536	10
旗舰店	20231124105858	537	10
旗舰店	20231124105858	538	10
旗舰店	20231124105858	539	10
旗舰店	20231124105858	540	10
旗舰店	20231124105858	541	10
旗舰店	20231124105858	542	10
旗舰店	20231124105858	543	10
旗舰店	20231124105858	544	10
旗舰店	20231124105858	545	10
旗舰店	20231124105858	546	10
旗舰店	20231124105858	547	10
旗舰店	20231124105858	548	10
旗舰店	20231124105858	549	10
旗舰店	20231124105858	550	10
旗舰店	20231124105858	551	10
旗舰店	20231124105858	552	10
旗舰店	20231124105858	553	10
旗舰店	20231124105858	554	10
旗舰店	20231124105858	555	10
旗舰店	20231124105858	556	10
旗舰店	20231124105858	557	10
旗舰店	20231124105858	558	10
旗舰店	20231124105858	559	10
旗舰店	20231124105858	560	10
旗舰店	20231124105858	561	10
旗舰店	20231124105858	562	10
旗舰店	20231124105858	563	10
旗舰店	20231124105858	564	10
旗舰店	20231124105858	565	10
旗舰店	20231124105858	566	10
旗舰店	20231124105858	567	10
旗舰店	20231124105858	568	10
旗舰店	20231124105858	569	10
旗舰店	20231124105858	570	10
旗舰店	20231124105858	571	10
旗舰店	20231124105858	572	10
旗舰店	20231124105858	573	10
旗舰店	20231124105858	574	10
旗舰店	20231124105858	575	10
旗舰店	20231124105858	576	10
旗舰店	20231124105858	577	10
旗舰店	20231124105858	578	10
旗舰店	20231124105858	579	10
旗舰店	20231124105858	580	10
旗舰店	20231124105858	581	10
旗舰店	20231124105858	582	10
旗舰店	20231124105858	583	10
旗舰店	20231124105858	584	10
旗舰店	20231124105858	585	10
旗舰店	20231124105858	586	10
旗舰店	20231124105858	587	10
旗舰店	20231124105858	588	10
旗舰店	20231124105858	589	10
旗舰店	20231124105858	590	10
旗舰店	20231124105858	591	10
旗舰店	20231124105858	592	10
旗舰店	20231124105858	593	10
旗舰店	20231124105858	594	10
旗舰店	20231124105858	595	10
旗舰店	20231124105858	596	10
旗舰店	20231124105858	597	10
旗舰店	20231124105858	598	10
旗舰店	20231124105858	599	10
旗舰店	20231124105858	600	10
旗舰店	20231124105858	601	10
旗舰店	20231124105858	602	10
旗舰店	20231124105858	603	10
旗舰店	20231124105858	604	10
旗舰店	20231124105858	605	10
旗舰店	20231124105858	606	10
旗舰店	20231124105858	607	10
旗舰店	20231124105858	608	10
旗舰店	20231124105858	609	10
旗舰店	20231124105858	610	10
旗舰店	20231124105858	611	10
旗舰店	20231124105858	612	10
旗舰店	20231124105858	613	10
旗舰店	20231124105858	614	10
旗舰店	20231124105858	615	10
旗舰店	20231124105858	616	10
旗舰店	20231124105858	617	10
旗舰店	20231124105858	618	10
旗舰店	20231124105858	619	10
旗舰店	20231124105858	620	10
旗舰店	20231124105858	621	10
旗舰店	20231124105858	622	10
旗舰店	20231124105858	623	10
旗舰店	20231124105858	624	10
旗舰店	20231124105858	625	10
旗舰店	20231124105858	626	10
旗舰店	20231124105858	627	10
旗舰店	20231124105858	628	10
旗舰店	20231124105858	629	10
旗舰店	20231124105858	630	10
旗舰店	20231124105858	631	10
旗舰店	20231124105858	632	10
旗舰店	20231124105858	633	10
旗舰店	20231124105858	634	10
旗舰店	20231124105858	635	10
旗舰店	20231124105858	636	10
旗舰店	20231124105858	637	10
旗舰店	20231124105858	638	10
旗舰店	20231124105858	639	10
旗舰店	20231124105858	640	10
旗舰店	20231124105858	641	10
旗舰店	20231124105858	642	10
旗舰店	20231124105858	643	10
旗舰店	20231124105858	644	10
旗舰店	20231124105858	645	10
旗舰店	20231124105858	646	10
旗舰店	20231124105858	647	10
旗舰店	20231124105858	648	10
旗舰店	20231124105858	649	10
旗舰店	20231124105858	650	10
旗舰店	20231124105858	651	10
旗舰店	20231124105858	652	10
旗舰店	20231124105858	653	10
旗舰店	20231124105858	654	10
旗舰店	20231124105858	655	10
旗舰店	20231124105858	656	10
旗舰店	20231124105858	657	10
旗舰店	20231124105858	658	10
旗舰店	20231124105858	659	10
旗舰店	20231124105858	660	10
旗舰店	20231124105858	661	10
旗舰店	20231124105858	662	10
旗舰店	20231124105858	663	10
旗舰店	20231124105858	664	10
旗舰店	20231124105858	665	10
旗舰店	20231124105858	666	10
旗舰店	20231124105858	667	10
旗舰店	20231124105858	668	10
旗舰店	20231124105858	669	10
旗舰店	20231124105858	670	10
旗舰店	20231124105858	671	10
旗舰店	20231124105858	672	10
旗舰店	20231124105858	673	10
旗舰店	20231124105858	674	10
旗舰店	20231124105858	675	10
旗舰店	20231124105858	676	10
旗舰店	20231124105858	677	10
旗舰店	20231124105858	678	10
旗舰店	20231124105858	679	10
旗舰店	20231124105858	680	10
旗舰店	20231124105858	681	10
旗舰店	20231124105858	682	10
旗舰店	20231124105858	683	10
旗舰店	20231124105858	684	10
旗舰店	20231124105858	685	10
旗舰店	20231124105858	686	10
旗舰店	20231124105858	687	10
旗舰店	20231124105858	688	10
旗舰店	20231124105858	689	10
旗舰店	20231124105858	690	10
旗舰店	20231124105858	691	10
旗舰店	20231124105858	692	10
旗舰店	20231124105858	693	10
旗舰店	20231124105858	694	10
旗舰店	20231124105858	695	10
旗舰店	20231124105858	696	10
旗舰店	20231124105858	697	10
旗舰店	20231124105858	698	10
旗舰店	20231124105858	699	10
旗舰店	20231124105858	700	10
旗舰店	20231124105858	701	10
旗舰店	20231124105858	702	10
旗舰店	20231124105858	703	10
旗舰店	20231124105858	704	10
旗舰店	20231124105858	705	10
旗舰店	20231124105858	706	10
旗舰店	20231124105858	707	10
旗舰店	20231124105858	708	10
旗舰店	20231124105858	709	10
旗舰店	20231124105858	710	10
旗舰店	20231124105858	711	10
旗舰店	20231124105858	712	10
旗舰店	20231124105858	713	10
旗舰店	20231124105858	714	10
旗舰店	20231124105858	715	10
旗舰店	20231124105858	716	10
旗舰店	20231124105858	717	10
旗舰店	20231124105858	718	10
旗舰店	20231124105858	719	10
旗舰店	20231124105858	720	10
旗舰店	20231124105858	721	10
旗舰店	20231124105858	722	10
旗舰店	20231124105858	723	10
旗舰店	20231124105858	724	10
旗舰店	20231124105858	725	10
旗舰店	20231124105858	726	10
旗舰店	20231124105858	727	10
旗舰店	20231124105858	728	10
旗舰店	20231124105858	729	10
旗舰店	20231124105858	730	10
旗舰店	20231124105858	731	10
旗舰店	20231124105858	732	10
旗舰店	20231124105858	733	10
旗舰店	20231124105858	734	10
旗舰店	20231124105858	735	10
旗舰店	20231124105858	736	10
旗舰店	20231124105858	737	10
旗舰店	20231124105858	738	10
旗舰店	20231124105858	739	10
旗舰店	20231124105858	740	10
旗舰店	20231124105858	741	10
旗舰店	20231124105858	742	10
旗舰店	20231124105858	743	10
旗舰店	20231124105858	744	10
旗舰店	20231124105858	745	10
旗舰店	20231124105858	746	10
旗舰店	20231124105858	747	10
旗舰店	20231124105858	748	10
旗舰店	20231124105858	749	10
旗舰店	20231124105858	750	10
旗舰店	20231124105858	751	10
旗舰店	20231124105858	752	10
旗舰店	20231124105858	753	10
旗舰店	20231124105858	754	10
旗舰店	20231124105858	755	10
旗舰店	20231124105858	756	10
旗舰店	20231124105858	757	10
旗舰店	20231124105858	758	10
旗舰店	20231124105858	759	10
旗舰店	20231124105858	760	10
旗舰店	20231124105858	761	10
旗舰店	20231124105858	762	10
旗舰店	20231124105858	763	10
旗舰店	20231124105858	764	10
旗舰店	20231124105858	765	10
旗舰店	20231124105858	766	10
旗舰店	20231124105858	767	10
旗舰店	20231124105858	768	10
旗舰店	20231124105858	769	10
旗舰店	20231124105858	770	10
旗舰店	20231124105858	771	10
旗舰店	20231124105858	772	10
旗舰店	20231124105858	773	10
旗舰店	20231124105858	774	10
旗舰店	20231124105858	775	10
旗舰店	20231124105858	776	10
旗舰店	20231124105858	777	10
旗舰店	20231124105858	778	10
旗舰店	20231124105858	779	10
旗舰店	20231124105858	780	10
旗舰店	20231124105858	781	10
旗舰店	20231124105858	782	10
旗舰店	20231124105858	783	10
旗舰店	20231124105858	784	10
旗舰店	20231124105858	785	10
旗舰店	20231124105858	786	10
旗舰店	20231124105858	787	10
旗舰店	20231124105858	788	10
旗舰店	20231124105858	789	10
旗舰店	20231124105858	790	10
旗舰店	20231124105858	791	10
旗舰店	20231124105858	792	10
旗舰店	20231124105858	793	10
旗舰店	20231124105858	794	10
旗舰店	20231124105858	795	10
旗舰店	20231124105858	796	10
旗舰店	20231124105858	797	10
旗舰店	20231124105858	798	10
旗舰店	20231124105858	799	10
旗舰店	20231124105858	800	10
旗舰店	20231124105858	801	10
旗舰店	20231124105858	802	10
旗舰店	20231124105858	803	10
旗舰店	20231124105858	804	10
旗舰店	20231124105858	805	10
旗舰店	20231124105858	806	10
旗舰店	20231124105858	807	10
旗舰店	20231124105858	808	10
旗舰店	20231124105858	809	10
旗舰店	20231124105858	810	10
旗舰店	20231124105858	811	10
旗舰店	20231124105858	812	10
旗舰店	20231124105858	813	10
旗舰店	20231124105858	814	10
旗舰店	20231124105858	815	10
旗舰店	20231124105858	816	10
旗舰店	20231124105858	817	10
旗舰店	20231124105858	818	10
旗舰店	20231124105858	819	10
旗舰店	20231124105858	820	10
旗舰店	20231124105858	821	10
旗舰店	20231124105858	822	10
旗舰店	20231124105858	823	10
旗舰店	20231124105858	824	10
旗舰店	20231124105858	825	10
旗舰店	20231124105858	826	10
旗舰店	20231124105858	827	10
旗舰店	20231124105858	828	10
旗舰店	20231124105858	829	10
旗舰店	20231124105858	830	10
旗舰店	20231124105858	831	10
旗舰店	20231124105858	832	10
旗舰店	20231124105858	833	10
旗舰店	20231124105858	834	10
旗舰店	20231124105858	835	10
旗舰店	20231124105858	836	10
旗舰店	20231124105858	837	10
旗舰店	20231124105858	838	10
旗舰店	20231124105858	839	10
旗舰店	20231124105858	840	10
旗舰店	20231124105858	841	10
旗舰店	20231124105858	842	10
旗舰店	20231124105858	843	10
旗舰店	20231124105858	844	10
旗舰店	20231124105858	845	10
旗舰店	20231124105858	846	10
旗舰店	20231124105858	847	10
旗舰店	20231124105858	848	10
旗舰店	20231124105858	849	10
旗舰店	20231124105858	850	10
旗舰店	20231124105858	851	10
旗舰店	20231124105858	852	10
旗舰店	20231124105858	853	10
旗舰店	20231124105858	854	10
旗舰店	20231124105858	855	10
旗舰店	20231124105858	856	10
