2 1 87 223 417 256 -1 -1 -1 -1 
3 1 86 223 416 256 -1 -1 -1 -1 
4 1 85 224 417 255 -1 -1 -1 -1 
5 1 77 224 418 255 -1 -1 -1 -1 
6 1 81 224 418 255 -1 -1 -1 -1 
7 1 82 224 419 255 -1 -1 -1 -1 
8 1 85 224 418 255 -1 -1 -1 -1 
9 1 86 224 418 255 -1 -1 -1 -1 
10 1 89 224 416 255 -1 -1 -1 -1 
11 1 90 224 415 255 -1 -1 -1 -1 
12 1 86 224 416 255 -1 -1 -1 -1 
13 1 84 225 414 254 -1 -1 -1 -1 
14 1 82 225 414 254 -1 -1 -1 -1 
15 1 81 226 414 253 -1 -1 -1 -1 
16 1 81 225 416 254 -1 -1 -1 -1 
17 1 86 224 416 255 -1 -1 -1 -1 
18 1 88 224 415 255 -1 -1 -1 -1 
19 1 84 224 416 255 -1 -1 -1 -1 
20 1 74 218 426 261 -1 -1 -1 -1 
21 1 70 216 431 263 -1 -1 -1 -1 
22 1 64 210 442 269 -1 -1 -1 -1 
23 1 51 203 453 276 -1 -1 -1 -1 
24 1 47 199 461 280 -1 -1 -1 -1 
25 1 45 197 463 282 -1 -1 -1 -1 
26 1 46 201 456 278 -1 -1 -1 -1 
27 1 47 207 447 272 -1 -1 -1 -1 
28 1 55 214 435 265 -1 -1 -1 -1 
29 1 61 218 427 261 -1 -1 -1 -1 
30 1 51 214 433 265 -1 -1 -1 -1 
31 1 51 205 442 274 -1 -1 -1 -1 
32 1 33 196 452 283 -1 -1 -1 -1 
33 1 12 188 461 291 -1 -1 -1 -1 
34 1 2 184 467 295 -1 -1 -1 -1 
35 1 0 180 470 299 -1 -1 -1 -1 
36 1 2 177 472 302 -1 -1 -1 -1 
37 1 6 176 471 303 -1 -1 -1 -1 
38 1 12 177 469 302 -1 -1 -1 -1 
39 1 15 182 461 297 -1 -1 -1 -1 
40 1 16 184 457 295 -1 -1 -1 -1 
41 1 17 185 455 294 -1 -1 -1 -1 
42 1 26 186 450 293 -1 -1 -1 -1 
43 1 33 192 440 287 -1 -1 -1 -1 
44 1 100 205 410 274 -1 -1 -1 -1 
45 1 122 215 394 264 -1 -1 -1 -1 
46 1 147 223 383 256 -1 -1 -1 -1 
47 1 163 227 378 252 -1 -1 -1 -1 
48 1 179 230 373 249 -1 -1 -1 -1 
49 1 176 231 369 248 -1 -1 -1 -1 
50 1 151 228 377 251 -1 -1 -1 -1 
51 1 135 219 389 260 -1 -1 -1 -1 
52 1 119 207 403 272 -1 -1 -1 -1 
53 1 111 198 414 281 -1 -1 -1 -1 
54 1 98 195 421 284 -1 -1 -1 -1 
55 1 92 194 424 285 -1 -1 -1 -1 
56 1 93 195 422 284 -1 -1 -1 -1 
57 1 65 194 431 285 -1 -1 -1 -1 
58 1 43 193 439 286 -1 -1 -1 -1 
59 1 96 194 429 285 -1 -1 -1 -1 
60 1 120 196 418 283 -1 -1 -1 -1 
61 1 135 198 406 281 -1 -1 -1 -1 
61 2 0 13 202 460 -1 -1 -1 -1 
62 1 140 199 399 280 -1 -1 -1 -1 
62 2 3 23 198 450 -1 -1 -1 -1 
63 1 142 200 392 279 -1 -1 -1 -1 
63 2 2 30 195 443 -1 -1 -1 -1 
64 1 142 200 386 279 -1 -1 -1 -1 
64 2 4 51 186 423 -1 -1 -1 -1 
65 1 142 200 382 279 -1 -1 -1 -1 
65 2 4 58 184 416 -1 -1 -1 -1 
66 1 144 201 378 278 -1 -1 -1 -1 
66 2 5 66 180 409 -1 -1 -1 -1 
67 1 147 201 375 278 -1 -1 -1 -1 
68 1 138 201 375 278 -1 -1 -1 -1 
69 1 115 203 377 276 -1 -1 -1 -1 
70 1 128 206 373 273 -1 -1 -1 -1 
71 1 128 208 371 271 -1 -1 -1 -1 
72 1 123 209 372 270 -1 -1 -1 -1 
73 1 124 206 376 273 -1 -1 -1 -1 
74 1 117 204 380 275 -1 -1 -1 -1 
75 1 110 198 391 281 -1 -1 -1 -1 
76 1 145 196 395 283 -1 -1 -1 -1 
77 1 73 198 388 281 -1 -1 -1 -1 
77 2 418 6 211 472 -1 -1 -1 -1 
78 1 35 198 383 281 -1 -1 -1 -1 
78 2 382 1 223 475 -1 -1 -1 -1 
79 1 22 197 378 282 -1 -1 -1 -1 
79 2 363 0 231 475 -1 -1 -1 -1 
80 1 18 196 374 283 -1 -1 -1 -1 
80 2 338 0 239 476 -1 -1 -1 -1 
81 1 8 195 375 284 -1 -1 -1 -1 
81 2 321 5 246 472 -1 -1 -1 -1 
82 2 317 4 252 469 -1 -1 -1 -1 
83 1 28 197 371 282 -1 -1 -1 -1 
83 2 324 13 257 459 -1 -1 -1 -1 
84 1 32 197 369 282 -1 -1 -1 -1 
84 2 324 17 263 455 -1 -1 -1 -1 
85 1 27 197 369 282 -1 -1 -1 -1 
85 2 266 36 284 441 -1 -1 -1 -1 
86 2 238 89 286 390 -1 -1 -1 -1 
87 2 236 168 260 311 -1 -1 -1 -1 
88 2 158 195 259 284 -1 -1 -1 -1 
89 1 71 199 376 280 -1 -1 -1 -1 
89 2 154 213 243 266 -1 -1 -1 -1 
90 1 71 201 385 278 -1 -1 -1 -1 
91 1 70 200 394 279 -1 -1 -1 -1 
92 1 69 200 402 279 -1 -1 -1 -1 
93 1 66 200 409 279 -1 -1 -1 -1 
94 1 64 203 411 276 -1 -1 -1 -1 
95 1 61 203 416 276 -1 -1 -1 -1 
96 1 60 203 420 276 -1 -1 -1 -1 
97 1 59 203 422 276 -1 -1 -1 -1 
98 1 64 203 424 276 -1 -1 -1 -1 
99 1 61 203 427 276 -1 -1 -1 -1 
100 1 59 202 431 277 -1 -1 -1 -1 
101 1 57 202 433 277 -1 -1 -1 -1 
102 1 59 205 431 274 -1 -1 -1 -1 
103 1 60 206 433 273 -1 -1 -1 -1 
104 1 57 204 437 275 -1 -1 -1 -1 
105 1 0 201 428 278 -1 -1 -1 -1 
106 1 47 113 553 366 -1 -1 -1 -1 
106 2 131 201 253 278 -1 -1 -1 -1 
107 1 0 54 606 422 -1 -1 -1 -1 
107 2 129 201 253 277 -1 -1 -1 -1 
108 1 0 31 591 443 -1 -1 -1 -1 
109 1 0 15 574 457 -1 -1 -1 -1 
109 2 132 203 252 275 -1 -1 -1 -1 
110 1 0 10 561 460 -1 -1 -1 -1 
110 2 134 205 250 273 -1 -1 -1 -1 
111 1 0 11 552 459 -1 -1 -1 -1 
111 2 138 207 249 271 -1 -1 -1 -1 
112 1 0 12 541 456 -1 -1 -1 -1 
112 2 150 209 254 269 -1 -1 -1 -1 
113 1 0 13 532 455 -1 -1 -1 -1 
113 2 154 210 258 268 -1 -1 -1 -1 
114 1 0 11 527 458 -1 -1 -1 -1 
114 2 135 214 252 264 -1 -1 -1 -1 
115 1 0 10 519 461 -1 -1 -1 -1 
115 2 134 219 242 258 -1 -1 -1 -1 
116 1 0 3 453 466 -1 -1 -1 -1 
116 2 127 223 236 254 -1 -1 -1 -1 
117 1 0 0 410 471 -1 -1 -1 -1 
117 2 125 225 234 252 -1 -1 -1 -1 
118 1 0 0 387 472 -1 -1 -1 -1 
119 1 0 2 364 475 -1 -1 -1 -1 
120 1 0 20 425 454 -1 -1 -1 -1 
121 1 36 99 395 379 -1 -1 -1 -1 
122 1 84 174 335 305 -1 -1 -1 -1 
123 1 98 199 321 280 -1 -1 -1 -1 
124 1 95 206 324 273 -1 -1 -1 -1 
125 1 94 209 329 270 -1 -1 -1 -1 
126 1 93 210 337 269 -1 -1 -1 -1 
127 1 91 209 345 270 -1 -1 -1 -1 
128 1 82 206 357 273 -1 -1 -1 -1 
129 1 80 205 364 274 -1 -1 -1 -1 
130 1 73 204 374 275 -1 -1 -1 -1 
131 1 94 207 371 272 -1 -1 -1 -1 
132 1 101 207 372 272 -1 -1 -1 -1 
133 1 104 207 372 272 -1 -1 -1 -1 
134 1 103 207 373 272 -1 -1 -1 -1 
134 2 0 302 160 176 -1 -1 -1 -1 
135 1 99 207 374 272 -1 -1 -1 -1 
135 2 0 306 149 173 -1 -1 -1 -1 
136 1 95 208 375 271 -1 -1 -1 -1 
137 1 91 208 376 271 -1 -1 -1 -1 
138 1 78 209 381 270 -1 -1 -1 -1 
139 1 72 209 385 270 -1 -1 -1 -1 
140 1 68 208 392 271 -1 -1 -1 -1 
141 1 54 205 387 274 -1 -1 -1 -1 
142 1 51 204 381 275 -1 -1 -1 -1 
143 1 0 74 531 403 -1 -1 -1 -1 
144 1 0 37 548 437 -1 -1 -1 -1 
145 1 0 16 550 457 -1 -1 -1 -1 
146 1 0 4 550 469 -1 -1 -1 -1 
147 1 0 1 548 472 -1 -1 -1 -1 
148 1 45 0 567 474 -1 -1 -1 -1 
149 1 18 1 560 471 -1 -1 -1 -1 
150 1 25 0 573 473 -1 -1 -1 -1 
151 1 39 1 572 472 -1 -1 -1 -1 
152 1 52 6 569 469 -1 -1 -1 -1 
153 1 59 8 566 467 -1 -1 -1 -1 
154 1 61 10 565 465 -1 -1 -1 -1 
155 1 52 6 568 467 -1 -1 -1 -1 
156 1 36 10 568 466 -1 -1 -1 -1 
157 1 10 11 564 467 -1 -1 -1 -1 
158 1 0 18 536 459 -1 -1 -1 -1 
159 1 0 13 510 463 -1 -1 -1 -1 
160 1 0 29 488 448 -1 -1 -1 -1 
161 1 0 28 482 449 -1 -1 -1 -1 
164 5 4 218 474 261 -1 -1 -1 -1 
165 5 25 217 472 262 -1 -1 -1 -1 
166 5 61 218 468 261 -1 -1 -1 -1 
167 5 77 219 463 260 -1 -1 -1 -1 
168 5 87 220 457 259 -1 -1 -1 -1 
169 5 91 221 453 258 -1 -1 -1 -1 
170 5 102 221 448 258 -1 -1 -1 -1 
171 5 55 219 456 260 -1 -1 -1 -1 
172 5 36 218 462 261 -1 -1 -1 -1 
173 5 31 218 466 261 -1 -1 -1 -1 
174 5 28 217 469 262 -1 -1 -1 -1 
175 1 0 25 472 448 -1 -1 -1 -1 
175 5 26 219 470 260 -1 -1 -1 -1 
176 1 0 25 467 447 -1 -1 -1 -1 
176 5 25 219 471 260 -1 -1 -1 -1 
177 1 0 8 396 466 -1 -1 -1 -1 
177 5 23 219 474 260 -1 -1 -1 -1 
178 1 0 2 367 472 -1 -1 -1 -1 
178 5 25 220 475 259 -1 -1 -1 -1 
179 1 0 0 325 467 -1 -1 -1 -1 
179 5 22 220 476 259 -1 -1 -1 -1 
180 1 0 0 303 462 -1 -1 -1 -1 
180 5 21 220 479 259 -1 -1 -1 -1 
181 1 0 4 304 469 -1 -1 -1 -1 
181 5 95 220 462 259 -1 -1 -1 -1 
182 1 0 3 295 470 -1 -1 -1 -1 
182 5 49 219 469 260 -1 -1 -1 -1 
183 5 76 220 461 259 -1 -1 -1 -1 
184 5 84 220 454 259 -1 -1 -1 -1 
185 5 90 219 452 260 -1 -1 -1 -1 
186 5 93 219 447 260 -1 -1 -1 -1 
187 5 94 219 444 260 -1 -1 -1 -1 
188 5 96 219 440 260 -1 -1 -1 -1 
189 5 98 219 436 260 -1 -1 -1 -1 
190 5 99 219 433 260 -1 -1 -1 -1 
191 5 98 219 432 260 -1 -1 -1 -1 
192 5 97 218 431 261 -1 -1 -1 -1 
193 5 98 218 430 261 -1 -1 -1 -1 
194 5 95 218 427 261 -1 -1 -1 -1 
195 5 94 218 426 261 -1 -1 -1 -1 
196 5 91 218 424 261 -1 -1 -1 -1 
197 5 87 218 424 261 -1 -1 -1 -1 
2 1 94 216 408 263 -1 -1 -1 -1 
3 1 94 216 407 263 -1 -1 -1 -1 
4 1 93 216 407 263 -1 -1 -1 -1 
5 1 92 216 407 263 -1 -1 -1 -1 
6 1 92 216 406 263 -1 -1 -1 -1 
7 1 96 216 407 263 -1 -1 -1 -1 
8 1 94 216 406 263 -1 -1 -1 -1 
9 1 97 216 406 263 -1 -1 -1 -1 
10 1 98 216 406 263 -1 -1 -1 -1 
11 1 97 214 407 265 -1 -1 -1 -1 
12 1 97 214 407 265 -1 -1 -1 -1 
13 1 95 213 408 266 -1 -1 -1 -1 
14 1 120 212 403 267 -1 -1 -1 -1 
15 1 131 211 398 268 -1 -1 -1 -1 
16 1 137 211 392 268 -1 -1 -1 -1 
17 1 143 213 384 266 -1 -1 -1 -1 
18 1 87 212 396 267 -1 -1 -1 -1 
19 1 125 214 386 265 -1 -1 -1 -1 
20 1 140 213 382 266 -1 -1 -1 -1 
21 1 121 213 384 266 -1 -1 -1 -1 
22 1 110 214 385 265 -1 -1 -1 -1 
23 1 105 213 388 266 -1 -1 -1 -1 
24 1 102 213 391 266 -1 -1 -1 -1 
25 1 96 213 393 266 -1 -1 -1 -1 
26 1 93 212 396 267 -1 -1 -1 -1 
27 1 91 212 397 267 -1 -1 -1 -1 
28 1 58 211 388 268 -1 -1 -1 -1 
29 1 52 211 389 268 -1 -1 -1 -1 
30 1 53 211 385 268 -1 -1 -1 -1 
31 1 50 211 377 268 -1 -1 -1 -1 
31 4 280 0 357 478 -1 -1 -1 -1 
32 1 51 212 371 267 -1 -1 -1 -1 
32 4 280 0 352 475 -1 -1 -1 -1 
33 1 56 212 365 267 -1 -1 -1 -1 
33 4 265 0 349 476 -1 -1 -1 -1 
34 1 61 212 362 267 -1 -1 -1 -1 
34 4 286 0 343 476 -1 -1 -1 -1 
35 1 65 212 358 267 -1 -1 -1 -1 
35 4 296 0 336 476 -1 -1 -1 -1 
36 1 68 213 357 266 -1 -1 -1 -1 
36 4 309 0 329 476 -1 -1 -1 -1 
37 1 70 213 355 266 -1 -1 -1 -1 
37 4 315 0 320 474 -1 -1 -1 -1 
38 1 68 213 355 266 -1 -1 -1 -1 
38 4 322 0 313 472 -1 -1 -1 -1 
39 4 251 141 254 335 -1 -1 -1 -1 
40 1 104 213 364 266 -1 -1 -1 -1 
40 4 245 158 241 318 -1 -1 -1 -1 
41 1 105 213 369 266 -1 -1 -1 -1 
42 1 104 214 371 265 -1 -1 -1 -1 
43 1 103 214 376 265 -1 -1 -1 -1 
44 1 101 214 379 265 -1 -1 -1 -1 
45 1 98 213 383 266 -1 -1 -1 -1 
46 1 96 213 387 266 -1 -1 -1 -1 
47 1 95 213 391 266 -1 -1 -1 -1 
48 1 93 213 395 266 -1 -1 -1 -1 
49 1 90 212 399 267 -1 -1 -1 -1 
50 1 47 209 392 269 -1 -1 -1 -1 
51 1 25 108 532 363 -1 -1 -1 -1 
52 1 0 46 587 424 -1 -1 -1 -1 
53 1 0 20 602 451 -1 -1 -1 -1 
54 1 0 13 602 457 -1 -1 -1 -1 
55 1 0 9 603 462 -1 -1 -1 -1 
56 1 0 10 604 462 -1 -1 -1 -1 
57 1 0 9 595 462 -1 -1 -1 -1 
58 1 0 0 604 470 -1 -1 -1 -1 
58 4 159 219 211 259 -1 -1 -1 -1 
59 4 172 222 233 257 -1 -1 -1 -1 
60 4 152 220 262 259 -1 -1 -1 -1 
61 4 139 219 284 260 -1 -1 -1 -1 
62 4 125 217 303 262 -1 -1 -1 -1 
63 4 109 215 320 264 -1 -1 -1 -1 
64 4 107 214 333 265 -1 -1 -1 -1 
65 4 107 215 342 264 -1 -1 -1 -1 
66 4 107 216 349 263 -1 -1 -1 -1 
67 4 105 216 355 263 -1 -1 -1 -1 
68 4 105 217 362 262 -1 -1 -1 -1 
69 4 99 213 373 266 -1 -1 -1 -1 
70 4 90 206 385 273 -1 -1 -1 -1 
71 4 76 192 408 287 -1 -1 -1 -1 
72 4 56 174 433 305 -1 -1 -1 -1 
73 4 46 175 434 302 -1 -1 -1 -1 
74 4 38 174 438 303 -1 -1 -1 -1 
75 4 37 174 441 305 -1 -1 -1 -1 
76 4 42 181 435 298 -1 -1 -1 -1 
77 4 55 197 416 282 -1 -1 -1 -1 
78 4 64 207 407 272 -1 -1 -1 -1 
79 4 74 217 398 262 -1 -1 -1 -1 
80 4 77 222 395 257 -1 -1 -1 -1 
81 4 75 222 398 257 -1 -1 -1 -1 
82 4 68 223 402 256 -1 -1 -1 -1 
83 4 62 222 406 257 -1 -1 -1 -1 
84 4 58 220 412 259 -1 -1 -1 -1 
85 4 54 219 416 260 -1 -1 -1 -1 
86 4 52 218 421 261 -1 -1 -1 -1 
87 4 50 216 426 263 -1 -1 -1 -1 
88 4 49 213 431 266 -1 -1 -1 -1 
89 4 48 213 433 266 -1 -1 -1 -1 
